lv_x, lv_y, lv_z, av_x, av_y, av_z, pos_x, pos_y, pos_z,imu_pos_x, imu_pos_y, imu_pos_z, imu_rot_x, imu_rot_y, imu_rot_z,lh_pos_x, lh_pos_y, lh_pos_z, lh_rot_x, lh_rot_y, lh_rot_z,rh_pos_x, rh_pos_y, rh_pos_z, rh_rot_x, rh_rot_y, rh_rot_z,lh_thumb_x, lh_thumb_y, lh_thumb_z,lh_index_x, lh_index_y, lh_index_z,lh_middle_x, lh_middle_y, lh_middle_z,lh_ring_x, lh_ring_y, lh_ring_z,lh_little_x, lh_little_y, lh_little_z,rh_thumb_x, rh_thumb_y, rh_thumb_z,rh_index_x, rh_index_y, rh_index_z,rh_middle_x, rh_middle_y, rh_middle_z,rh_ring_x, rh_ring_y, rh_ring_z,rh_little_x, rh_little_y, rh_little_z
0, 0, -0.00000357627846, 0, 0, 0, 0.25070428848267, -0.01036655902863, -0.00188729166985, 0.06090462207794, 1.51105117797852, -0.42501699924469, -1.02270150184631, -0.53827321529388, 0.31645971536636, -0.20246022939682, 0.87667232751846, -0.39756536483765, -0.55778592824936, -2.60303378105164, -3.05828857421875, 0.26744121313095, 0.81945669651031, -0.45792436599731, 0.87159669399261, 0.01450491696596, -2.96787738800049, -0.1019921451807, 0.78094696998596, -0.40933457016945, -0.04832534492016, 0.84552758932114, -0.4876597225666, -0.0506719648838, 0.86267179250717, -0.51133662462234, -0.07773575186729, 0.87262439727783, -0.52785855531693, -0.11049818992615, 0.87721711397171, -0.52704215049744, 0.35553431510925, 0.79714202880859, -0.35239073634148, 0.44354453682899, 0.83245623111725, -0.41714203357697, 0.45363590121269, 0.85195082426071, -0.43658801913261, 0.43814486265182, 0.87745767831802, -0.45121347904205, 0.40917548537254, 0.89108180999756, -0.4595975279808
0.08473276346922, -0.42592760920525, -0.22660730779171, -0.36467704176903, 0.58168601989746, -0.22468720376492, 0.25070428848267, -0.01036655902863, -0.00188729166985, 0.06287652254105, 1.51105642318726, -0.4243535399437, -1.02303266525269, -0.53707855939865, 0.31721809506416, -0.20246022939682, 0.87667232751846, -0.39756536483765, -0.55778592824936, -2.60303378105164, -3.05828857421875, 0.26626896858215, 0.8190626502037, -0.46026545763016, 0.88071936368942, 0.02103265933692, -2.9686541557312, -0.1019921451807, 0.78094696998596, -0.40933457016945, -0.04832534492016, 0.84552758932114, -0.4876597225666, -0.0506719648838, 0.86267179250717, -0.51133662462234, -0.07773575186729, 0.87262439727783, -0.52785855531693, -0.11049818992615, 0.87721711397171, -0.52704215049744, 0.35509592294693, 0.79573184251785, -0.3555700480938, 0.44266718626022, 0.83157950639725, -0.42062255740166, 0.45263332128525, 0.8512442111969, -0.43996161222458, 0.437056183815, 0.87689304351807, -0.45424330234528, 0.40803724527359, 0.89061117172241, -0.46229621767998
0.04414200410247, -0.20605801045895, -0.11079310625792, -0.23501753807068, 0.46337160468102, -0.17938597500324, 0.2510721385479, -0.01208370923996, -0.00281056761742, 0.06664288043976, 1.51120626926422, -0.42308849096298, -1.02407360076904, -0.5338259935379, 0.31891044974327, -0.20246022939682, 0.87667232751846, -0.39756536483765, -0.55778592824936, -2.60303378105164, -3.05828857421875, 0.26484340429306, 0.81786841154099, -0.46386539936066, 0.89895296096802, 0.03655664995313, -2.96846485137939, -0.1019921451807, 0.78094696998596, -0.40933457016945, -0.04832534492016, 0.84552758932114, -0.4876597225666, -0.0506719648838, 0.86267179250717, -0.51133662462234, -0.07773575186729, 0.87262439727783, -0.52785855531693, -0.11049818992615, 0.87721711397171, -0.52704215049744, 0.35525637865067, 0.79260915517807, -0.36099100112915, 0.44183695316315, 0.82961362600327, -0.4267184138298, 0.4515153169632, 0.84962499141693, -0.44584685564041, 0.43573451042175, 0.87553405761719, -0.45941749215126, 0.40660274028778, 0.88940441608429, -0.46677184104919
-0.12938261032104, -0.28636690974236, -0.19996403157711, -0.12914161384106, 0.46952131390572, -0.15425950288773, 0.24999395012856, -0.01447010040283, -0.0044769346714, 0.07012367248535, 1.51140522956848, -0.42193031311035, -1.02436280250549, -0.53013861179352, 0.32075834274292, -0.20246022939682, 0.87667232751846, -0.39756536483765, -0.55778592824936, -2.60303378105164, -3.05828857421875, 0.26097273826599, 0.81905090808868, -0.46692299842834, 0.91413182020187, 0.04821019619703, -2.98418641090393, -0.1019921451807, 0.78094696998596, -0.40933457016945, -0.04832534492016, 0.84552758932114, -0.4876597225666, -0.0506719648838, 0.86267179250717, -0.51133662462234, -0.07773575186729, 0.87262439727783, -0.52785855531693, -0.11049818992615, 0.87721711397171, -0.52704215049744, 0.35355359315872, 0.79134786128998, -0.36663836240768, 0.43891882896423, 0.8284455537796, -0.43388536572456, 0.44834595918655, 0.84863996505737, -0.4529467523098, 0.43251758813858, 0.87490689754486, -0.46575260162354, 0.40336525440216, 0.88918000459671, -0.47219890356064
-0.06510078907013, -0.1510047763586, -0.10609387606382, -0.05536648258567, 0.41743451356888, -0.14767362177372, 0.24945144355297, -0.01572847366333, -0.00536105036736, 0.07334232330322, 1.51166605949402, -0.42084890604019, -1.02348804473877, -0.52523356676102, 0.32147893309593, -0.20246022939682, 0.87667232751846, -0.39756536483765, -0.55778592824936, -2.60303378105164, -3.05828857421875, 0.2580081820488, 0.81915855407715, -0.46939265727997, 0.92854726314545, 0.06240565702319, -2.99909687042236, -0.1019921451807, 0.78094696998596, -0.40933457016945, -0.04832534492016, 0.84552758932114, -0.4876597225666, -0.0506719648838, 0.86267179250717, -0.51133662462234, -0.07773575186729, 0.87262439727783, -0.52785855531693, -0.11049818992615, 0.87721711397171, -0.52704215049744, 0.3528838455677, 0.78916305303574, -0.37195262312889, 0.43683794140816, 0.82637715339661, -0.4408905506134, 0.44596737623215, 0.84674525260925, -0.45991200208664, 0.43007433414459, 0.87334012985229, -0.47193706035614, 0.40090823173523, 0.88798201084137, -0.47742220759392
-0.25879740715027, 0.02509832195938, -0.25371193885803, 0.03083995729685, 0.25961530208588, -0.20373405516148, 0.24729479849339, -0.01551932096481, -0.00747531652451, 0.07635217905045, 1.51208770275116, -0.41999042034149, -1.02231669425964, -0.5190269947052, 0.3211333155632, -0.20246022939682, 0.87667232751846, -0.39756536483765, -0.55778592824936, -2.60303378105164, -3.05828857421875, 0.25465732812881, 0.82436221837997, -0.47230267524719, 0.94718652963638, 0.02855969406664, -3.0574471950531, -0.1019921451807, 0.78094696998596, -0.40933457016945, -0.04832534492016, 0.84552758932114, -0.4876597225666, -0.0506719648838, 0.86267179250717, -0.51133662462234, -0.07773575186729, 0.87262439727783, -0.52785855531693, -0.11049818992615, 0.87721711397171, -0.52704215049744, 0.3496600985527, 0.78936702013016, -0.37667059898376, 0.43398341536522, 0.8247879743576, -0.44610080122948, 0.44358250498772, 0.84514760971069, -0.46489882469177, 0.42848777770996, 0.87248915433884, -0.47625949978828, 0.39979031682014, 0.88824117183685, -0.48110342025757
0, 0, 0, -0.00770908547565, -0.0648984760046, 0.05092882737517, 0.24609410762787, -0.01541119813919, -0.00867590308189, 0.07774668931961, 1.51231038570404, -0.41959244012833, -1.02189195156097, -0.51604115962982, 0.32079714536667, -0.20246022939682, 0.87667232751846, -0.39756536483765, -0.55778592824936, -2.60303378105164, -3.05828857421875, 0.25347656011581, 0.82625234127045, -0.47354406118393, 0.95282834768295, 0.01749379374087, -3.07704901695251, -0.1019921451807, 0.78094696998596, -0.40933457016945, -0.04832534492016, 0.84552758932114, -0.4876597225666, -0.0506719648838, 0.86267179250717, -0.51133662462234, -0.07773575186729, 0.87262439727783, -0.52785855531693, -0.11049818992615, 0.87721711397171, -0.52704215049744, 0.34853160381317, 0.78964906930923, -0.37856811285019, 0.43292057514191, 0.8244714140892, -0.4482210278511, 0.44266274571419, 0.84482049942017, -0.46695679426193, 0.42782971262932, 0.87239509820938, -0.47809681296349, 0.39929282665253, 0.88850247859955, -0.48271545767784
-0.14408288896084, 0.01297473814338, -0.14407037198544, 0.05981859192252, 0.29572501778603, -0.21518388390541, 0.24609410762787, -0.01541119813919, -0.00867590308189, 0.07905066013336, 1.51251089572906, -0.41916477680206, -1.02161574363709, -0.5131328701973, 0.32108500599861, -0.20246022939682, 0.87667232751846, -0.39756536483765, -0.55778592824936, -2.60303378105164, -3.05828857421875, 0.25254827737808, 0.82774096727371, -0.47466760873795, 0.95683354139328, 0.00941282045096, -3.09174799919128, -0.1019921451807, 0.78094696998596, -0.40933457016945, -0.04832534492016, 0.84552758932114, -0.4876597225666, -0.0506719648838, 0.86267179250717, -0.51133662462234, -0.07773575186729, 0.87262439727783, -0.52785855531693, -0.11049818992615, 0.87721711397171, -0.52704215049744, 0.34765645861626, 0.78995668888092, -0.38020879030228, 0.43206787109375, 0.82432913780212, -0.45005765557289, 0.44191059470177, 0.84466731548309, -0.46875262260437, 0.427270591259, 0.87241089344025, -0.47972729802132, 0.39885473251343, 0.88877922296524, -0.48417124152184
-0.16164599359035, 0.2196049541235, -0.2818500995636, 0.12153076380491, 0.03141378238797, -0.24448904395103, 0.24474705755711, -0.01358115673065, -0.01102465391159, 0.08148199319839, 1.51283931732178, -0.41834211349487, -1.02076351642609, -0.50563359260559, 0.3196574151516, -0.20246022939682, 0.87667232751846, -0.39756536483765, -0.55778592824936, -2.60303378105164, -3.05828857421875, 0.25358080863953, 0.83592706918716, -0.47860282659531, 0.9645819067955, -0.03249000012875, -3.1376326084137, -0.1019921451807, 0.78094696998596, -0.40933457016945, -0.04832534492016, 0.84552758932114, -0.4876597225666, -0.0506719648838, 0.86267179250717, -0.51133662462234, -0.07773575186729, 0.87262439727783, -0.52785855531693, -0.11049818992615, 0.87721711397171, -0.52704215049744, 0.34725099802017, 0.79490917921066, -0.38405591249466, 0.4328396320343, 0.82761454582214, -0.4532698392868, 0.44329345226288, 0.84783655405045, -0.47175797820091, 0.42943313717842, 0.87604111433029, -0.48256865143776, 0.40147525072098, 0.89318364858627, -0.48699873685837
-0.00000357627846, 0, 0, 0, 0, 0, 0.24453327059746, -0.01048272848129, -0.01292684674263, 0.08363741636276, 1.51317298412323, -0.41767930984497, -1.01931643486023, -0.49627137184143, 0.31739392876625, -0.20246022939682, 0.87667232751846, -0.39756536483765, -0.55778592824936, -2.60303378105164, -3.05828857421875, 0.2543318271637, 0.84149825572968, -0.48182255029678, 0.96890473365784, -0.05877234041691, 3.11543035507202, -0.1019921451807, 0.78094696998596, -0.40933457016945, -0.04832534492016, 0.84552758932114, -0.4876597225666, -0.0506719648838, 0.86267179250717, -0.51133662462234, -0.07773575186729, 0.87262439727783, -0.52785855531693, -0.11049818992615, 0.87721711397171, -0.52704215049744, 0.34715086221695, 0.79842329025269, -0.38735109567642, 0.43338561058044, 0.83002936840057, -0.45627307891846, 0.44420778751373, 0.85016560554504, -0.47464248538017, 0.43084239959717, 0.87865495681763, -0.48532891273499, 0.40318483114243, 0.89628970623016, -0.48971179127693
-0.02565085701644, 0.37181136012077, -0.22826312482357, 0.30721572041512, -0.10872351378202, -1.02005994319916, 0.24421744048595, -0.00798374414444, -0.01463317871094, 0.08461970090866, 1.51329326629639, -0.41736793518066, -1.018150806427, -0.49119886755943, 0.31610214710236, -0.20246022939682, 0.87667232751846, -0.39756536483765, -0.55778592824936, -2.60303378105164, -3.05828857421875, 0.25523912906647, 0.84477239847183, -0.48548632860184, 0.97634416818619, -0.07452439516783, 3.0987708568573, -0.1019921451807, 0.78094696998596, -0.40933457016945, -0.04832534492016, 0.84552758932114, -0.4876597225666, -0.0506719648838, 0.86267179250717, -0.51133662462234, -0.07773575186729, 0.87262439727783, -0.52785855531693, -0.11049818992615, 0.87721711397171, -0.52704215049744, 0.34748190641403, 0.80011749267578, -0.39118421077728, 0.43413227796555, 0.83151024580002, -0.4596811234951, 0.44516953825951, 0.85169667005539, -0.47786656022072, 0.43207857012749, 0.88038843870163, -0.48834919929504, 0.40458723902702, 0.89830255508423, -0.49264374375343
-0.03789960965514, 0.29987809062004, -0.20475982129574, 0.3001925945282, -0.07130110263824, -0.99827975034714, 0.24442176520824, -0.00482392311096, -0.01890948414803, 0.08550727367401, 1.51345324516296, -0.41717559099197, -1.01715898513794, -0.48578399419785, 0.31347441673279, -0.20246022939682, 0.87667232751846, -0.39756536483765, -0.55778592824936, -2.60303378105164, -3.05828857421875, 0.255854845047, 0.8476175069809, -0.48867791891098, 0.9848130941391, -0.09362924844027, 3.07822203636169, -0.1019921451807, 0.78094696998596, -0.40933457016945, -0.04832534492016, 0.84552758932114, -0.4876597225666, -0.0506719648838, 0.86267179250717, -0.51133662462234, -0.07773575186729, 0.87262439727783, -0.52785855531693, -0.11049818992615, 0.87721711397171, -0.52704215049744, 0.34741914272308, 0.80109542608261, -0.39461752772331, 0.43454211950302, 0.83220136165619, -0.46264418959618, 0.44583207368851, 0.85243844985962, -0.48061698675156, 0.43307000398636, 0.88136571645737, -0.49085506796837, 0.40578043460846, 0.89961236715317, -0.49503535032272
0.02451896481216, 0.37917849421501, -0.51315665245056, 0.96605157852173, -0.23828786611557, -1.06383347511292, 0.24419961869717, -0.00209444761276, -0.02281612157822, 0.08645743131638, 1.51358962059021, -0.41681700944901, -1.01599979400635, -0.47944670915604, 0.31156265735626, -0.20246022939682, 0.87667232751846, -0.39756536483765, -0.55778592824936, -2.60303378105164, -3.05828857421875, 0.25619387626648, 0.85016340017319, -0.49151051044464, 0.99460381269455, -0.11745662242174, 3.05221343040466, -0.1019921451807, 0.78094696998596, -0.40933457016945, -0.04832534492016, 0.84552758932114, -0.4876597225666, -0.0506719648838, 0.86267179250717, -0.51133662462234, -0.07773575186729, 0.87262439727783, -0.52785855531693, -0.11049818992615, 0.87721711397171, -0.52704215049744, 0.34693485498428, 0.8013858795166, -0.39779543876648, 0.4346062541008, 0.83210277557373, -0.46529224514961, 0.44620025157928, 0.85238981246948, -0.48301342129707, 0.4338418841362, 0.88159584999084, -0.49295103549957, 0.40680378675461, 0.90024626255035, -0.49698063731194
-0.0266575794667, 0.32753702998161, -0.4687964618206, 1.12741672992706, -0.24372373521328, -1.28166902065277, 0.24351677298546, 0.00033855438232, -0.02650317549706, 0.08729749917984, 1.51371443271637, -0.41654050350189, -1.0148686170578, -0.47457686066628, 0.3098883330822, -0.20246022939682, 0.87667232751846, -0.39756536483765, -0.55778592824936, -2.60303378105164, -3.05828857421875, 0.25655078887939, 0.85219097137451, -0.49383771419525, 1.00074875354767, -0.13354875147343, 3.03439974784851, -0.1019921451807, 0.78094696998596, -0.40933457016945, -0.04832534492016, 0.84552758932114, -0.4876597225666, -0.0506719648838, 0.86267179250717, -0.51133662462234, -0.07773575186729, 0.87262439727783, -0.52785855531693, -0.11049818992615, 0.87721711397171, -0.52704215049744, 0.34675005078316, 0.8019323348999, -0.40038266777992, 0.43476668000221, 0.83236682415009, -0.46755728125572, 0.4465594291687, 0.85267966985703, -0.48511701822281, 0.43447035551071, 0.8820652961731, -0.49485433101654, 0.40760233998299, 0.90098232030869, -0.4987770318985
-0.08194147795439, 0.29196020960808, -0.4424464404583, 1.348140001297, -0.25033709406853, -1.57918846607208, 0.24319624900818, 0.0023085474968, -0.02938449382782, 0.0882316827774, 1.5139354467392, -0.41625964641571, -1.01452577114105, -0.46945440769196, 0.30919063091278, -0.20246022939682, 0.87667232751846, -0.39756536483765, -0.55778592824936, -2.60303378105164, -3.05828857421875, 0.25674027204514, 0.85567820072174, -0.49946534633636, 1.00692987442017, -0.14111815392971, 3.02618861198425, -0.1019921451807, 0.78094696998596, -0.40933457016945, -0.04832534492016, 0.84552758932114, -0.4876597225666, -0.0506719648838, 0.86267179250717, -0.51133662462234, -0.07773575186729, 0.87262439727783, -0.52785855531693, -0.11049818992615, 0.87721711397171, -0.52704215049744, 0.3467008471489, 0.80447459220886, -0.40629363059998, 0.43486803770065, 0.83504980802536, -0.4732064306736, 0.44674372673035, 0.85543859004974, -0.49062162637711, 0.43476456403732, 0.88493150472641, -0.50016868114471, 0.40796583890915, 0.90396904945374, -0.5039809346199
-0.03846287354827, 0.23639915883541, -0.34575816988945, 0.8726863861084, -0.13436235487461, -1.05292510986328, 0.24311052262783, 0.00568819046021, -0.03551810979843, 0.08909004926682, 1.5141214132309, -0.41595363616943, -1.01398944854736, -0.46416795253754, 0.30762350559235, -0.20246022939682, 0.87667232751846, -0.39756536483765, -0.55778592824936, -2.60303378105164, -3.05828857421875, 0.25698709487915, 0.85855108499527, -0.50407576560974, 1.0110330581665, -0.14653913676739, 3.02019238471985, -0.1019921451807, 0.78094696998596, -0.40933457016945, -0.04832534492016, 0.84552758932114, -0.4876597225666, -0.0506719648838, 0.86267179250717, -0.51133662462234, -0.07773575186729, 0.87262439727783, -0.52785855531693, -0.11049818992615, 0.87721711397171, -0.52704215049744, 0.34678286314011, 0.80669564008713, -0.41110575199127, 0.43505197763443, 0.83734577894211, -0.47784969210625, 0.44698616862297, 0.85778242349625, -0.49516853690147, 0.43508630990982, 0.88734889030457, -0.50458627939224, 0.40833795070648, 0.90647238492966, -0.50832164287567
-0.01028716471046, 0.40555712580681, -0.73603385686874, 0.80668240785599, -0.07735829055309, -0.42543867230415, 0.24315902590752, 0.00849413871765, -0.04046773910522, 0.08984309434891, 1.51430332660675, -0.41579443216324, -1.01345872879028, -0.46002793312073, 0.3062005341053, -0.20246022939682, 0.87667232751846, -0.39756536483765, -0.55778592824936, -2.60303378105164, -3.05828857421875, 0.2572261095047, 0.8610280752182, -0.50793087482452, 1.01539778709412, -0.15269061923027, 3.01328682899475, -0.1019921451807, 0.78094696998596, -0.40933457016945, -0.04832534492016, 0.84552758932114, -0.4876597225666, -0.0506719648838, 0.86267179250717, -0.51133662462234, -0.07773575186729, 0.87262439727783, -0.52785855531693, -0.11049818992615, 0.87721711397171, -0.52704215049744, 0.34684008359909, 0.80845552682877, -0.41518849134445, 0.43521952629089, 0.83916801214218, -0.48175749182701, 0.44721937179565, 0.85965311527252, -0.49897339940071, 0.43540996313095, 0.88930016756058, -0.50825071334839, 0.40871953964233, 0.90852075815201, -0.51190066337585
0.00582039309666, 0.33671376109123, -0.59395545721054, 0.53773057460785, -0.04130479320884, -0.30604138970375, 0.24317206442356, 0.01090413331985, -0.04468700289726, 0.09059727191925, 1.5144556760788, -0.41553163528442, -1.01307225227356, -0.45589485764503, 0.30581423640251, -0.20246022939682, 0.87667232751846, -0.39756536483765, -0.55778592824936, -2.60303378105164, -3.05828857421875, 0.25738722085953, 0.86336559057236, -0.51134938001633, 1.0221654176712, -0.16287864744663, 3.00172805786133, -0.1019921451807, 0.78094696998596, -0.40933457016945, -0.04832534492016, 0.84552758932114, -0.4876597225666, -0.0506719648838, 0.86267179250717, -0.51133662462234, -0.07773575186729, 0.87262439727783, -0.52785855531693, -0.11049818992615, 0.87721711397171, -0.52704215049744, 0.34670749306679, 0.80964589118958, -0.41898185014725, 0.43526130914688, 0.84043020009995, -0.48528546094894, 0.44736808538437, 0.86098676919937, -0.5023404955864, 0.43570810556412, 0.89076155424118, -0.51139497756958, 0.40911394357681, 0.91014063358307, -0.5149068236351
0.00156462180894, 0.28919932246208, -0.50631165504456, 0.58288639783859, -0.03515451774001, -0.3548843562603, 0.24296052753925, 0.01314514875412, -0.04867675900459, 0.0913034081459, 1.5146279335022, -0.41525411605835, -1.01307463645935, -0.45158091187477, 0.30563417077065, -0.20246022939682, 0.87667232751846, -0.39756536483765, -0.55778592824936, -2.60303378105164, -3.05828857421875, 0.2584223151207, 0.8660933971405, -0.51738131046295, 1.0287172794342, -0.16774347424507, 2.9952929019928, -0.1019921451807, 0.78094696998596, -0.40933457016945, -0.04832534492016, 0.84552758932114, -0.4876597225666, -0.0506719648838, 0.86267179250717, -0.51133662462234, -0.07773575186729, 0.87262439727783, -0.52785855531693, -0.11049818992615, 0.87721711397171, -0.52704215049744, 0.34768143296242, 0.81152981519699, -0.42545026540756, 0.43626153469086, 0.84258234500885, -0.49159350991249, 0.44840312004089, 0.86323118209839, -0.5085117816925, 0.43680346012115, 0.89309448003769, -0.51734977960587, 0.4102500975132, 0.9125565290451, -0.52070850133896
-0.0253844242543, 0.26892185211182, -0.47877070307732, 0.92605412006378, -0.04211596399546, -0.59667366743088, 0.24384470283985, 0.01575595140457, -0.055220246315, 0.09191167354584, 1.51477837562561, -0.41511160135269, -1.01255941390991, -0.44734543561935, 0.30476838350296, -0.20246022939682, 0.87667232751846, -0.39756536483765, -0.55778592824936, -2.60303378105164, -3.05828857421875, 0.25916999578476, 0.86873978376389, -0.52252894639969, 1.03811204433441, -0.17547537386417, 2.98514747619629, -0.1019921451807, 0.78094696998596, -0.40933457016945, -0.04832534492016, 0.84552758932114, -0.4876597225666, -0.0506719648838, 0.86267179250717, -0.51133662462234, -0.07773575186729, 0.87262439727783, -0.52785855531693, -0.11049818992615, 0.87721711397171, -0.52704215049744, 0.34832534193993, 0.81293362379074, -0.43124544620514, 0.43695020675659, 0.84434467554092, -0.49715900421143, 0.44914799928665, 0.86512136459351, -0.51387917995453, 0.43764492869377, 0.89511328935623, -0.5224022269249, 0.41115695238113, 0.91470140218735, -0.52553677558899
0.1061010286212, 0.31329628825188, -0.7852184176445, 0.84051430225372, 0.07632005214691, -0.26548179984093, 0.24435131251812, 0.01824450492859, -0.06110820174217, 0.09251552820206, 1.51484894752502, -0.41493535041809, -1.01149439811707, -0.4428374171257, 0.30434158444405, -0.20246022939682, 0.87667232751846, -0.39756536483765, -0.55778592824936, -2.60303378105164, -3.05828857421875, 0.25966215133667, 0.87140941619873, -0.5270779132843, 1.0509922504425, -0.18732160329819, 2.96977615356445, -0.1019921451807, 0.78094696998596, -0.40933457016945, -0.04832534492016, 0.84552758932114, -0.4876597225666, -0.0506719648838, 0.86267179250717, -0.51133662462234, -0.07773575186729, 0.87262439727783, -0.52785855531693, -0.11049818992615, 0.87721711397171, -0.52704215049744, 0.34865006804466, 0.81385672092438, -0.4367201924324, 0.43734663724899, 0.84572505950928, -0.502317070961, 0.44963040947914, 0.86667042970657, -0.51876157522202, 0.43827390670776, 0.89683932065964, -0.52684509754181, 0.41188532114029, 0.91660869121552, -0.52966475486755
0.06079315766692, 0.29862639307976, -0.70655459165573, 1.21802520751953, 0.11810467392206, -0.42177620530128, 0.24447891116142, 0.02071529626846, -0.0666843354702, 0.09306395053864, 1.51500129699707, -0.4149141907692, -1.01059806346893, -0.43834745883942, 0.30363234877586, -0.20246022939682, 0.87667232751846, -0.39756536483765, -0.55778592824936, -2.60303378105164, -3.05828857421875, 0.2601665854454, 0.87358593940735, -0.53088223934174, 1.05843186378479, -0.19491112232208, 2.96002125740051, -0.1019921451807, 0.78094696998596, -0.40933457016945, -0.04832534492016, 0.84552758932114, -0.4876597225666, -0.0506719648838, 0.86267179250717, -0.51133662462234, -0.07773575186729, 0.87262439727783, -0.52785855531693, -0.11049818992615, 0.87721711397171, -0.52704215049744, 0.34904274344444, 0.81499826908112, -0.44108134508133, 0.43778666853905, 0.84711104631424, -0.50649470090866, 0.45012536644936, 0.86815011501312, -0.52277767658234, 0.43886184692383, 0.89842188358307, -0.53060275316238, 0.41253650188446, 0.91830098628998, -0.53323584794998
0.01531183626503, 0.29649493098259, -0.66913598775864, 1.68862473964691, 0.17362582683563, -0.63293349742889, 0.2447527050972, 0.02278673648834, -0.07108917832375, 0.09360831975937, 1.51506388187408, -0.4148223400116, -1.00902938842773, -0.43354043364525, 0.30367809534073, -0.20246022939682, 0.87667232751846, -0.39756536483765, -0.55778592824936, -2.60303378105164, -3.05828857421875, 0.26081258058548, 0.87773376703262, -0.53723651170731, 1.06285631656647, -0.19674973189831, 2.95615482330322, -0.1019921451807, 0.78094696998596, -0.40933457016945, -0.04832534492016, 0.84552758932114, -0.4876597225666, -0.0506719648838, 0.86267179250717, -0.51133662462234, -0.07773575186729, 0.87262439727783, -0.52785855531693, -0.11049818992615, 0.87721711397171, -0.52704215049744, 0.34976798295975, 0.81863623857498, -0.44784915447235, 0.4384434223175, 0.85096901655197, -0.51324701309204, 0.45077800750732, 0.87207233905792, -0.52944976091385, 0.43953263759613, 0.9023916721344, -0.53711491823196, 0.41322308778763, 0.92230892181396, -0.53961396217346
0.03285527229309, 0.24857281148434, -0.52858114242554, 0.97923320531845, 0.10662344098091, -0.3947671353817, 0.24535292387009, 0.02686285972595, -0.07777199149132, 0.09416580200195, 1.51521229743958, -0.4147886633873, -1.00767529010773, -0.42805504798889, 0.30247673392296, -0.20246022939682, 0.87667232751846, -0.39756536483765, -0.55778592824936, -2.60303378105164, -3.05828857421875, 0.26126366853714, 0.88144427537918, -0.54274016618729, 1.07105147838593, -0.2007891535759, 2.94830131530762, -0.1019921451807, 0.78094696998596, -0.40933457016945, -0.04832534492016, 0.84552758932114, -0.4876597225666, -0.0506719648838, 0.86267179250717, -0.51133662462234, -0.07773575186729, 0.87262439727783, -0.52785855531693, -0.11049818992615, 0.87721711397171, -0.52704215049744, 0.35034662485123, 0.82137829065323, -0.45412874221802, 0.43890476226807, 0.85409927368164, -0.51949244737625, 0.4512380361557, 0.8753182888031, -0.53554439544678, 0.44003504514694, 0.90572726726532, -0.54291099309921, 0.41376066207886, 0.92572051286697, -0.54516017436981
0.072026245296, 0.48913475871086, -0.801937520504, 0.56250482797623, 0.18220861256123, -0.11956097185612, 0.24569788575172, 0.03044766187668, -0.08388969302177, 0.09468370676041, 1.51535367965698, -0.41473841667175, -1.00625789165497, -0.42296826839447, 0.3017815053463, -0.20246022939682, 0.87667232751846, -0.39756536483765, -0.55778592824936, -2.60303378105164, -3.05828857421875, 0.26150512695313, 0.8849561214447, -0.54768139123917, 1.08360743522644, -0.20810537040234, 2.93505620956421, -0.1019921451807, 0.78094696998596, -0.40933457016945, -0.04832534492016, 0.84552758932114, -0.4876597225666, -0.0506719648838, 0.86267179250717, -0.51133662462234, -0.07773575186729, 0.87262439727783, -0.52785855531693, -0.11049818992615, 0.87721711397171, -0.52704215049744, 0.3507522046566, 0.82337558269501, -0.46028298139572, 0.4391448199749, 0.85666501522064, -0.52558362483978, 0.45148539543152, 0.87805593013763, -0.54140019416809, 0.44036090373993, 0.90860176086426, -0.54830473661423, 0.41414964199066, 0.92871725559235, -0.55016767978668
0.04139542207122, 0.43017622828484, -0.73412412405014, 1.0598486661911, 0.34251722693443, -0.25305673480034, 0.24574443697929, 0.03378200531006, -0.08978143334389, 0.09514629840851, 1.51543211936951, -0.41474729776382, -1.0045804977417, -0.41809248924255, 0.3005975484848, -0.20246022939682, 0.87667232751846, -0.39756536483765, -0.55778592824936, -2.60303378105164, -3.05828857421875, 0.2618693113327, 0.88779544830322, -0.55190652608871, 1.09080326557159, -0.21297182142735, 2.9267406463623, -0.1019921451807, 0.78094696998596, -0.40933457016945, -0.04832534492016, 0.84552758932114, -0.4876597225666, -0.0506719648838, 0.86267179250717, -0.51133662462234, -0.07773575186729, 0.87262439727783, -0.52785855531693, -0.11049818992615, 0.87721711397171, -0.52704215049744, 0.35119235515594, 0.82532870769501, -0.46521753072739, 0.43949824571609, 0.85892909765244, -0.53047627210617, 0.45184832811356, 0.88041543960571, -0.54615545272827, 0.44077658653259, 0.91103965044022, -0.55279237031937, 0.41460683941841, 0.93122851848602, -0.55443185567856
0.00558614684269, 0.40012118220329, -0.70700877904892, 1.63030314445496, 0.52256405353546, -0.43181392550468, 0.245978474617, 0.03652811050415, -0.09455713629723, 0.09564989805222, 1.51554977893829, -0.41484421491623, -1.00378227233887, -0.41383615136147, 0.30089217424393, -0.20246022939682, 0.87667232751846, -0.39756536483765, -0.55778592824936, -2.60303378105164, -3.05828857421875, 0.26308780908585, 0.89191049337387, -0.55717927217484, 1.09446656703949, -0.21449252963066, 2.92270755767822, -0.1019921451807, 0.78094696998596, -0.40933457016945, -0.04832534492016, 0.84552758932114, -0.4876597225666, -0.0506719648838, 0.86267179250717, -0.51133662462234, -0.07773575186729, 0.87262439727783, -0.52785855531693, -0.11049818992615, 0.87721711397171, -0.52704215049744, 0.35252404212952, 0.82900750637054, -0.47092348337173, 0.44073033332825, 0.8627758026123, -0.53623020648956, 0.45307049155235, 0.88431149721146, -0.55184930562973, 0.44201695919037, 0.91497331857681, -0.55834168195724, 0.41586494445801, 0.93519556522369, -0.55984699726105
0.02808451466262, 0.32953259348869, -0.57308429479599, 0.9413828253746, 0.29946348071098, -0.27325087785721, 0.24715204536915, 0.0405957698822, -0.10009625554085, 0.09608215093613, 1.5155736207962, -0.41491097211838, -1.00195896625519, -0.40859043598175, 0.29905462265015, -0.20246022939682, 0.87667232751846, -0.39756536483765, -0.55778592824936, -2.60303378105164, -3.05828857421875, 0.2640221118927, 0.89543557167053, -0.56186813116074, 1.09867811203003, -0.21657444536686, 2.91774868965149, -0.1019921451807, 0.78094696998596, -0.40933457016945, -0.04832534492016, 0.84552758932114, -0.4876597225666, -0.0506719648838, 0.86267179250717, -0.51133662462234, -0.07773575186729, 0.87262439727783, -0.52785855531693, -0.11049818992615, 0.87721711397171, -0.52704215049744, 0.35357588529587, 0.83201974630356, -0.47611129283905, 0.44167441129684, 0.86597281694412, -0.54146766662598, 0.45400649309158, 0.8875640630722, -0.55701637268066, 0.44297832250595, 0.91826981306076, -0.56334191560745, 0.41684949398041, 0.93853288888931, -0.56469321250916
0.14082849025726, 0.48811909556389, -0.66469424962997, 0.46996632218361, 0.24360762536526, -0.12260915338993, 0.24802432954311, 0.04406917095184, -0.10509434342384, 0.09650635719299, 1.51570177078247, -0.41507208347321, -1.00138783454895, -0.40401512384415, 0.29824513196945, -0.20246022939682, 0.87667232751846, -0.39756536483765, -0.55778592824936, -2.60303378105164, -3.05828857421875, 0.26462286710739, 0.89878475666046, -0.56627416610718, 1.10639131069183, -0.22100752592087, 2.90806126594543, -0.1019921451807, 0.78094696998596, -0.40933457016945, -0.04832534492016, 0.84552758932114, -0.4876597225666, -0.0506719648838, 0.86267179250717, -0.51133662462234, -0.07773575186729, 0.87262439727783, -0.52785855531693, -0.11049818992615, 0.87721711397171, -0.52704215049744, 0.3543701171875, 0.83441323041916, -0.48143661022186, 0.44228169322014, 0.86869245767593, -0.54687440395355, 0.45460474491119, 0.89038300514221, -0.56229150295258, 0.4436302781105, 0.92116957902908, -0.56831008195877, 0.41754904389381, 0.94151067733765, -0.56937927007675
0.10467409342527, 0.41680809855461, -0.59977048635483, 0.55025780200958, 0.27886620163918, -0.15675358474255, 0.24849411845207, 0.04732996225357, -0.11007198691368, 0.09689003229141, 1.5157310962677, -0.41516864299774, -1.00025284290314, -0.39836040139198, 0.29618602991104, -0.20246022939682, 0.87667232751846, -0.39756536483765, -0.55778592824936, -2.60303378105164, -3.05828857421875, 0.26500552892685, 0.90203505754471, -0.57049065828323, 1.11639630794525, -0.22768199443817, 2.89458298683167, -0.1019921451807, 0.78094696998596, -0.40933457016945, -0.04832534492016, 0.84552758932114, -0.4876597225666, -0.0506719648838, 0.86267179250717, -0.51133662462234, -0.07773575186729, 0.87262439727783, -0.52785855531693, -0.11049818992615, 0.87721711397171, -0.52704215049744, 0.35497415065765, 0.83640629053116, -0.48685938119888, 0.44265586137772, 0.87109524011612, -0.55238962173462, 0.45497435331345, 0.89291125535965, -0.56763225793839, 0.44407948851585, 0.92380172014236, -0.57324987649918, 0.41806688904762, 0.94424641132355, -0.57395225763321
0.05637466534972, 0.39129492640495, -0.59731715917587, 1.02729225158691, 0.51039558649063, -0.31411191821098, 0.24868430197239, 0.05047589540482, -0.11503759026527, 0.09723794460297, 1.51573252677917, -0.41522759199142, -0.9995521903038, -0.39360538125038, 0.29588302969933, -0.20246022939682, 0.87667232751846, -0.39756536483765, -0.55778592824936, -2.60303378105164, -3.05828857421875, 0.26633596420288, 0.90381628274918, -0.57769978046417, 1.1220760345459, -0.23036941885948, 2.89217352867126, -0.1019921451807, 0.78094696998596, -0.40933457016945, -0.04832534492016, 0.84552758932114, -0.4876597225666, -0.0506719648838, 0.86267179250717, -0.51133662462234, -0.07773575186729, 0.87262439727783, -0.52785855531693, -0.11049818992615, 0.87721711397171, -0.52704215049744, 0.35627874732018, 0.8377298116684, -0.49440178275108, 0.4439851641655, 0.87281942367554, -0.55968517065048, 0.45630574226379, 0.89472627639771, -0.57479524612427, 0.44540554285049, 0.92564582824707, -0.58024019002914, 0.41938784718513, 0.94608730077744, -0.58083814382553
0.0228220205754, 0.37751194834709, -0.59587234258652, 1.32788610458374, 0.6477215886116, -0.4314404129982, 0.25002747774124, 0.05217152833939, -0.12269142270088, 0.09750384092331, 1.51577234268188, -0.41544216871262, -0.99932569265366, -0.38894048333168, 0.2939071059227, -0.20246022939682, 0.87667232751846, -0.39756536483765, -0.55778592824936, -2.60303378105164, -3.05828857421875, 0.26745861768723, 0.90577280521393, -0.58379501104355, 1.12661051750183, -0.2329311221838, 2.88963627815247, -0.1019921451807, 0.78094696998596, -0.40933457016945, -0.04832534492016, 0.84552758932114, -0.4876597225666, -0.0506719648838, 0.86267179250717, -0.51133662462234, -0.07773575186729, 0.87262439727783, -0.52785855531693, -0.11049818992615, 0.87721711397171, -0.52704215049744, 0.35737699270248, 0.83929616212845, -0.50078165531158, 0.44510209560394, 0.87468767166138, -0.56587666273117, 0.45742732286453, 0.89666444063187, -0.58088099956512, 0.44652938842773, 0.92760932445526, -0.58618468046188, 0.42051237821579, 0.94805407524109, -0.58669435977936
0.16118107736111, 0.20347593724728, -0.9184598326683, 0.68490374088287, -0.06113605201244, 0.03117853216827, 0.25114449858665, 0.0540646314621, -0.12914404273033, 0.09785807132721, 1.51573383808136, -0.41548866033554, -0.99871933460236, -0.3833771944046, 0.29259878396988, -0.20246022939682, 0.87667232751846, -0.39756536483765, -0.55778592824936, -2.60303378105164, -3.05828857421875, 0.26844227313995, 0.9078420996666, -0.58915203809738, 1.13081872463226, -0.23565191030502, 2.88678216934204, -0.1019921451807, 0.78094696998596, -0.40933457016945, -0.04832534492016, 0.84552758932114, -0.4876597225666, -0.0506719648838, 0.86267179250717, -0.51133662462234, -0.07773575186729, 0.87262439727783, -0.52785855531693, -0.11049818992615, 0.87721711397171, -0.52704215049744, 0.35833492875099, 0.84098380804062, -0.50641775131226, 0.44607669115067, 0.87664133310318, -0.57134491205215, 0.45840865373611, 0.89868098497391, -0.58625119924545, 0.44751799106598, 0.92965108156204, -0.59142088890076, 0.4215053319931, 0.95010334253311, -0.59184473752975
0.13404250144958, 0.22717235982418, -0.77431434392929, 0.56709164381027, -0.03347186371684, -0.00263322284445, 0.2521103322506, 0.05607897043228, -0.13483485579491, 0.09816473722458, 1.51567554473877, -0.41561585664749, -0.99863928556442, -0.37862265110016, 0.29234898090363, -0.20246022939682, 0.87667232751846, -0.39756536483765, -0.55778592824936, -2.60303378105164, -3.05828857421875, 0.26933217048645, 0.90999805927277, -0.59404718875885, 1.13530349731445, -0.23888346552849, 2.88326787948608, -0.1019921451807, 0.78094696998596, -0.40933457016945, -0.04832534492016, 0.84552758932114, -0.4876597225666, -0.0506719648838, 0.86267179250717, -0.51133662462234, -0.07773575186729, 0.87262439727783, -0.52785855531693, -0.11049818992615, 0.87721711397171, -0.52704215049744, 0.35919436812401, 0.84271544218063, -0.51162439584732, 0.44695335626602, 0.87864381074905, -0.57637876272202, 0.45929476618767, 0.90074855089188, -0.59118050336838, 0.44841656088829, 0.93174695968628, -0.59620481729507, 0.42241197824478, 0.95221120119095, -0.59653359651566
0.11590003222227, 0.24172066152096, -0.68289750814438, 0.51660805940628, -0.01668226160109, -0.02482588216662, 0.25296974182129, 0.0581801533699, -0.14008763432503, 0.09844237565994, 1.51567435264587, -0.41583770513535, -0.99841111898422, -0.3731255531311, 0.29009220004082, -0.20246022939682, 0.87667232751846, -0.39756536483765, -0.55778592824936, -2.60303378105164, -3.05828857421875, 0.26983243227005, 0.91065394878387, -0.60030889511108, 1.13963103294373, -0.2430644929409, 2.87866950035095, -0.1019921451807, 0.78094696998596, -0.40933457016945, -0.04832534492016, 0.84552758932114, -0.4876597225666, -0.0506719648838, 0.86267179250717, -0.51133662462234, -0.07773575186729, 0.87262439727783, -0.52785855531693, -0.11049818992615, 0.87721711397171, -0.52704215049744, 0.35963714122772, 0.84291207790375, -0.51820027828217, 0.44742700457573, 0.87906801700592, -0.58278584480286, 0.45978713035583, 0.90123116970062, -0.59748429059982, 0.44893509149551, 0.9322617650032, -0.60236406326294, 0.42294776439667, 0.95274931192398, -0.60259753465652
0.1031291410327, 0.25214195251465, -0.63033336400986, 0.57209193706512, -0.00611451873556, -0.04749685898423, 0.25340601801872, 0.05879092216492, -0.14670315384865, 0.09873676300049, 1.5156397819519, -0.41608732938766, -0.99826765060425, -0.36737182736397, 0.28825101256371, -0.20246022939682, 0.87667232751846, -0.39756536483765, -0.55778592824936, -2.60303378105164, -3.05828857421875, 0.27038669586182, 0.9119228720665, -0.60594093799591, 1.14517438411713, -0.24886253476143, 2.87214636802673, -0.1019921451807, 0.78094696998596, -0.40933457016945, -0.04832534492016, 0.84552758932114, -0.4876597225666, -0.0506719648838, 0.86267179250717, -0.51133662462234, -0.07773575186729, 0.87262439727783, -0.52785855531693, -0.11049818992615, 0.87721711397171, -0.52704215049744, 0.36011552810669, 0.84357184171677, -0.52425521612167, 0.44794306159019, 0.88000482320786, -0.58863365650177, 0.46032959222794, 0.9022404551506, -0.60319977998734, 0.44951659440994, 0.93331378698349, -0.60789060592651, 0.42355543375015, 0.95383554697037, -0.60799676179886
0.05235313996673, 0.07329224795103, -0.79386228322983, 0.55908471345901, -0.00093247019686, -0.10071567445993, 0.25386494398117, 0.06000703573227, -0.15279099345207, 0.09900349378586, 1.5155189037323, -0.41629487276077, -0.99762916564941, -0.36201426386833, 0.28732404112816, -0.20246022939682, 0.87667232751846, -0.39756536483765, -0.55778592824936, -2.60303378105164, -3.05828857421875, 0.2709624171257, 0.9135702252388, -0.61117953062057, 1.15153801441193, -0.25605502724648, 2.86392569541931, -0.1019921451807, 0.78094696998596, -0.40933457016945, -0.04832534492016, 0.84552758932114, -0.4876597225666, -0.0506719648838, 0.86267179250717, -0.51133662462234, -0.07773575186729, 0.87262439727783, -0.52785855531693, -0.11049818992615, 0.87721711397171, -0.52704215049744, 0.36060109734535, 0.84449875354767, -0.53000247478485, 0.44847023487091, 0.8812347650528, -0.59415149688721, 0.46088960766792, 0.90355110168457, -0.60856539011002, 0.45012727379799, 0.93467462062836, -0.61303514242172, 0.42420053482056, 0.95523995161057, -0.61298948526382
0.05507111176848, 0.14593361318111, -0.73054069280624, 0.72491198778152, 0.01619354076684, -0.15342971682549, 0.25431713461876, 0.06159991025925, -0.15855637192726, 0.09928280115128, 1.51547706127167, -0.41663777828217, -0.99756765365601, -0.35646721720695, 0.2854423224926, -0.20246022939682, 0.87667232751846, -0.39756536483765, -0.55778592824936, -2.60303378105164, -3.05828857421875, 0.27154290676117, 0.91543859243393, -0.61616009473801, 1.15829968452454, -0.26430433988571, 2.85439109802246, -0.1019921451807, 0.78094696998596, -0.40933457016945, -0.04832534492016, 0.84552758932114, -0.4876597225666, -0.0506719648838, 0.86267179250717, -0.51133662462234, -0.07773575186729, 0.87262439727783, -0.52785855531693, -0.11049818992615, 0.87721711397171, -0.52704215049744, 0.36108210682869, 0.84558075666428, -0.53554809093475, 0.44899410009384, 0.8826242685318, -0.5994610786438, 0.46145108342171, 0.90502387285233, -0.61371260881424, 0.45074844360352, 0.93620133399963, -0.61794286966324, 0.42486256361008, 0.95681715011597, -0.61773002147675
0.05426287278533, 0.19114492833614, -0.69184535741806, 0.84067696332932, 0.036631770432, -0.20086354017258, 0.25475224852562, 0.06341713666916, -0.16410085558891, 0.09969192743301, 1.51548314094543, -0.41706824302673, -0.99734854698181, -0.35020264983177, 0.28246647119522, -0.20246022939682, 0.87667232751846, -0.39756536483765, -0.55778592824936, -2.60303378105164, -3.05828857421875, 0.27128440141678, 0.91495895385742, -0.62080299854279, 1.15882456302643, -0.27404820919037, 2.84821176528931, -0.1019921451807, 0.78094696998596, -0.40933457016945, -0.04832534492016, 0.84552758932114, -0.4876597225666, -0.0506719648838, 0.86267179250717, -0.51133662462234, -0.07773575186729, 0.87262439727783, -0.52785855531693, -0.11049818992615, 0.87721711397171, -0.52704215049744, 0.36033666133881, 0.844806432724, -0.53990793228149, 0.4485918879509, 0.88172620534897, -0.60341835021973, 0.46115720272064, 0.90411424636841, -0.61759269237518, 0.45054191350937, 0.93532061576843, -0.6218301653862, 0.42470175027847, 0.95599430799484, -0.62169885635376
0.05221366509795, 0.21806715428829, -0.66533797979355, 0.90490764379501, 0.05677565559745, -0.23837983608246, 0.2542787194252, 0.06296283006668, -0.16890123486519, 0.10014939308167, 1.51536309719086, -0.41733455657959, -0.99696081876755, -0.3442719578743, 0.28185760974884, -0.20246022939682, 0.87667232751846, -0.39756536483765, -0.55778592824936, -2.60303378105164, -3.05828857421875, 0.27131932973862, 0.91520661115646, -0.62533229589462, 1.15983498096466, -0.28242194652557, 2.84227061271667, -0.1019921451807, 0.78094696998596, -0.40933457016945, -0.04832534492016, 0.84552758932114, -0.4876597225666, -0.0506719648838, 0.86267179250717, -0.51133662462234, -0.07773575186729, 0.87262439727783, -0.52785855531693, -0.11049818992615, 0.87721711397171, -0.52704215049744, 0.35999330878258, 0.84474420547485, -0.54429119825363, 0.44850808382034, 0.8815895318985, -0.60748285055161, 0.46115970611572, 0.9039751291275, -0.62158393859863, 0.45061948895454, 0.93520963191986, -0.62580162286758, 0.42482054233551, 0.95593494176865, -0.62571239471436
-0.05682348832488, -0.05451678857207, -0.57604545354843, 0.13969884812832, -0.48774114251137, -0.26865470409393, 0.2541298866272, 0.06322753429413, -0.17360398173332, 0.10044348239899, 1.51536178588867, -0.41788011789322, -0.99659830331802, -0.33902236819267, 0.27906078100204, -0.20246022939682, 0.87667232751846, -0.39756536483765, -0.55778592824936, -2.60303378105164, -3.05828857421875, 0.27153205871582, 0.91590195894241, -0.62981736660004, 1.16116058826447, -0.28998738527298, 2.83642363548279, -0.1019921451807, 0.78094696998596, -0.40933457016945, -0.04832534492016, 0.84552758932114, -0.4876597225666, -0.0506719648838, 0.86267179250717, -0.51133662462234, -0.07773575186729, 0.87262439727783, -0.52785855531693, -0.11049818992615, 0.87721711397171, -0.52704215049744, 0.35989582538605, 0.84511816501617, -0.5487174987793, 0.44861814379692, 0.88192003965378, -0.61164277791977, 0.46134248375893, 0.90430921316147, -0.62567269802094, 0.45086973905563, 0.935571372509, -0.62985324859619, 0.4251092672348, 0.95634454488754, -0.62978076934814
-0.01785993389785, 0.0317645072937, -0.56432962417603, 0.18841534852982, -0.34072172641754, -0.23325683176517, 0.25417792797089, 0.06393480300903, -0.17827376723289, 0.10076886415482, 1.51533830165863, -0.41831207275391, -0.99648702144623, -0.3330639898777, 0.2766989171505, -0.20246022939682, 0.87667232751846, -0.39756536483765, -0.55778592824936, -2.60303378105164, -3.05828857421875, 0.27185487747192, 0.91688132286072, -0.63428920507431, 1.16272234916687, -0.29716455936432, 2.83050847053528, -0.1019921451807, 0.78094696998596, -0.40933457016945, -0.04832534492016, 0.84552758932114, -0.4876597225666, -0.0506719648838, 0.86267179250717, -0.51133662462234, -0.07773575186729, 0.87262439727783, -0.52785855531693, -0.11049818992615, 0.87721711397171, -0.52704215049744, 0.35994911193848, 0.84576237201691, -0.55318933725357, 0.44884753227234, 0.88254106044769, -0.61587923765182, 0.46163666248322, 0.90493774414063, -0.62983810901642, 0.45122742652893, 0.93622773885727, -0.63396888971329, 0.42550426721573, 0.95704710483551, -0.63389617204666
0.00576496077701, 0.08487223833799, -0.56037425994873, 0.2371476739645, -0.27544474601746, -0.23085430264473, 0.2543460726738, 0.06492310762405, -0.18294128775597, 0.10097795724869, 1.51524150371552, -0.41871130466461, -0.99640285968781, -0.32763084769249, 0.27494493126869, -0.20246022939682, 0.87667232751846, -0.39756536483765, -0.55778592824936, -2.60303378105164, -3.05828857421875, 0.27203533053398, 0.91599255800247, -0.63828021287918, 1.16640985012054, -0.28682774305344, 2.83747959136963, -0.1019921451807, 0.78094696998596, -0.40933457016945, -0.04832534492016, 0.84552758932114, -0.4876597225666, -0.0506719648838, 0.86267179250717, -0.51133662462234, -0.07773575186729, 0.87262439727783, -0.52785855531693, -0.11049818992615, 0.87721711397171, -0.52704215049744, 0.36071035265923, 0.8449792265892, -0.55772256851196, 0.44922471046448, 0.88225817680359, -0.62065994739532, 0.46187594532967, 0.90474009513855, -0.63460737466812, 0.45133504271507, 0.93600243330002, -0.63861131668091, 0.42553561925888, 0.95672607421875, -0.63838040828705
0.02017736248672, 0.11859654635191, -0.56010246276855, 0.25433227419853, -0.20505461096764, -0.21055170893669, 0.25484755635262, 0.06394237279892, -0.18707218766212, 0.10116124153137, 1.51512360572815, -0.41914999485016, -0.9968113899231, -0.32325983047485, 0.27465057373047, -0.20246022939682, 0.87667232751846, -0.39756536483765, -0.55778592824936, -2.60303378105164, -3.05828857421875, 0.27227383852005, 0.91584670543671, -0.6424133181572, 1.17061054706573, -0.27837845683098, 2.84259653091431, -0.1019921451807, 0.78094696998596, -0.40933457016945, -0.04832534492016, 0.84552758932114, -0.4876597225666, -0.0506719648838, 0.86267179250717, -0.51133662462234, -0.07773575186729, 0.87262439727783, -0.52785855531693, -0.11049818992615, 0.87721711397171, -0.52704215049744, 0.3614689707756, 0.84482967853546, -0.56243520975113, 0.44963139295578, 0.88260114192963, -0.62557256221771, 0.46216076612473, 0.90517044067383, -0.63948887586594, 0.4515084028244, 0.93641364574432, -0.64334458112717, 0.42564612627029, 0.95705628395081, -0.64294511079788
0.06017803773284, -0.11768817156553, -0.49570795893669, 0.33711320161819, 0.4656708240509, 0.43742167949677, 0.2553588449955, 0.06370913982391, -0.1914059817791, 0.10132819414139, 1.51505327224731, -0.41960799694061, -0.99688005447388, -0.317562520504, 0.271882802248, -0.20246022939682, 0.87667232751846, -0.39756536483765, -0.55778592824936, -2.60303378105164, -3.05828857421875, 0.27259421348572, 0.91610878705978, -0.64662230014801, 1.17385017871857, -0.27407619357109, 2.84466218948364, -0.1019921451807, 0.78094696998596, -0.40933457016945, -0.04832534492016, 0.84552758932114, -0.4876597225666, -0.0506719648838, 0.86267179250717, -0.51133662462234, -0.07773575186729, 0.87262439727783, -0.52785855531693, -0.11049818992615, 0.87721711397171, -0.52704215049744, 0.36209824681282, 0.84500849246979, -0.56706440448761, 0.45004630088806, 0.88310873508453, -0.63030302524567, 0.46250492334366, 0.90573900938034, -0.64418375492096, 0.45179179310799, 0.93697559833527, -0.64792329072952, 0.42589649558067, 0.95757400989532, -0.64740204811096
0.06135463342071, -0.02798795513809, -0.52005529403687, 0.41215288639069, 0.44353672862053, 0.36695110797882, 0.25582870841026, 0.06391501426697, -0.19579526782036, 0.10154050588608, 1.51486957073212, -0.41997539997101, -0.99696278572083, -0.31209060549736, 0.27076214551926, -0.20246022939682, 0.87667232751846, -0.39756536483765, -0.55778592824936, -2.60303378105164, -3.05828857421875, 0.27296671271324, 0.91663229465485, -0.65089678764343, 1.17650628089905, -0.27193713188171, 2.84517478942871, -0.1019921451807, 0.78094696998596, -0.40933457016945, -0.04832534492016, 0.84552758932114, -0.4876597225666, -0.0506719648838, 0.86267179250717, -0.51133662462234, -0.07773575186729, 0.87262439727783, -0.52785855531693, -0.11049818992615, 0.87721711397171, -0.52704215049744, 0.36266753077507, 0.84541434049606, -0.57166641950607, 0.45047554373741, 0.88375270366669, -0.63495570421219, 0.46289056539536, 0.90642899274826, -0.64880043268204, 0.45214295387268, 0.93766504526138, -0.65244388580322, 0.42622995376587, 0.95823860168457, -0.65182787179947
0.05638360604644, 0.02470493130386, -0.52671432495117, 0.34970992803574, 0.29055976867676, 0.20118261873722, 0.25628626346588, 0.06439930200577, -0.20023277401924, 0.10171246528625, 1.51479840278625, -0.42046892642975, -0.99750173091888, -0.30662113428116, 0.26875710487366, -0.20246022939682, 0.87667232751846, -0.39756536483765, -0.55778592824936, -2.60303378105164, -3.05828857421875, 0.27299329638481, 0.91462397575378, -0.65489399433136, 1.1782705783844, -0.25625219941139, 2.85601687431335, -0.1019921451807, 0.78094696998596, -0.40933457016945, -0.04832534492016, 0.84552758932114, -0.4876597225666, -0.0506719648838, 0.86267179250717, -0.51133662462234, -0.07773575186729, 0.87262439727783, -0.52785855531693, -0.11049818992615, 0.87721711397171, -0.52704215049744, 0.36345958709717, 0.84376013278961, -0.57621842622757, 0.45073491334915, 0.88252931833267, -0.63998037576675, 0.46296972036362, 0.90526926517487, -0.65388095378876, 0.4520620405674, 0.93645912408829, -0.65744364261627, 0.42606121301651, 0.95691615343094, -0.65666776895523
0.0549066029489, 0.05811452493072, -0.53250074386597, 0.29511979222298, 0.19675821065903, 0.10736002027988, 0.25670808553696, 0.06231135129929, -0.20418360829353, 0.10187190771103, 1.51462233066559, -0.42087507247925, -0.9973629117012, -0.30109733343124, 0.26752921938896, -0.20246022939682, 0.87667232751846, -0.39756536483765, -0.55778592824936, -2.60303378105164, -3.05828857421875, 0.27309057116508, 0.91349297761917, -0.65901201963425, 1.1805864572525, -0.2422548532486, 2.86525678634644, -0.1019921451807, 0.78094696998596, -0.40933457016945, -0.04832534492016, 0.84552758932114, -0.4876597225666, -0.0506719648838, 0.86267179250717, -0.51133662462234, -0.07773575186729, 0.87262439727783, -0.52785855531693, -0.11049818992615, 0.87721711397171, -0.52704215049744, 0.36426654458046, 0.84288346767426, -0.58092921972275, 0.45103737711906, 0.88208758831024, -0.64511239528656, 0.46310544013977, 0.90489512681961, -0.65904796123505, 0.4520543217659, 0.93604600429535, -0.66250789165497, 0.42597687244415, 0.95639801025391, -0.66156190633774
0.05061864480376, -0.25055408477783, -0.47410008311272, 0.08159992098808, 0.68004280328751, 0.53498202562332, 0.25716188549995, 0.0611030459404, -0.20831874012947, 0.1020393371582, 1.51456391811371, -0.42148977518082, -0.99795293807983, -0.29521355032921, 0.2647705078125, -0.20246022939682, 0.87667232751846, -0.39756536483765, -0.55778592824936, -2.60303378105164, -3.05828857421875, 0.27324569225311, 0.91294360160828, -0.6632399559021, 1.18334937095642, -0.23057867586613, 2.87249445915222, -0.1019921451807, 0.78094696998596, -0.40933457016945, -0.04832534492016, 0.84552758932114, -0.4876597225666, -0.0506719648838, 0.86267179250717, -0.51133662462234, -0.07773575186729, 0.87262439727783, -0.52785855531693, -0.11049818992615, 0.87721711397171, -0.52704215049744, 0.36504274606705, 0.84247839450836, -0.58575677871704, 0.45136252045631, 0.88210088014603, -0.65029031038284, 0.46328544616699, 0.90497666597366, -0.66423892974854, 0.4521142244339, 0.93609768152237, -0.66757994890213, 0.42597454786301, 0.95636105537415, -0.66646242141724
0.0544559918344, -0.14499662816525, -0.49621579051018, 0.16440726816654, 0.65559035539627, 0.47938767075539, 0.25761768221855, 0.06048190593719, -0.21262428164482, 0.10218733549118, 1.5144464969635, -0.42207038402557, -0.99792742729187, -0.28975316882133, 0.26270392537117, -0.20246022939682, 0.87667232751846, -0.39756536483765, -0.55778592824936, -2.60303378105164, -3.05828857421875, 0.27344912290573, 0.9127813577652, -0.66752207279205, 1.1863774061203, -0.22148954868317, 2.87764263153076, -0.1019921451807, 0.78094696998596, -0.40933457016945, -0.04832534492016, 0.84552758932114, -0.4876597225666, -0.0506719648838, 0.86267179250717, -0.51133662462234, -0.07773575186729, 0.87262439727783, -0.52785855531693, -0.11049818992615, 0.87721711397171, -0.52704215049744, 0.36576044559479, 0.84235817193985, -0.5906138420105, 0.45169866085052, 0.88236457109451, -0.65541917085648, 0.46350252628326, 0.9053059220314, -0.66936141252518, 0.45223727822304, 0.93640637397766, -0.67257565259933, 0.42605090141296, 0.95659953355789, -0.67129427194595
0.0546956025064, -0.07453679293394, -0.51666498184204, 0.24476811289787, 0.5982865691185, 0.39864641427994, 0.2580581009388, 0.06025618314743, -0.21703186631203, 0.10244047641754, 1.51439189910889, -0.42274916172028, -0.99790996313095, -0.28362187743187, 0.26014274358749, -0.20246022939682, 0.87667232751846, -0.39756536483765, -0.55778592824936, -2.60303378105164, -3.05828857421875, 0.27378091216087, 0.91256928443909, -0.66964209079742, 1.18509519100189, -0.18656711280346, 2.91816997528076, -0.1019921451807, 0.78094696998596, -0.40933457016945, -0.04832534492016, 0.84552758932114, -0.4876597225666, -0.0506719648838, 0.86267179250717, -0.51133662462234, -0.07773575186729, 0.87262439727783, -0.52785855531693, -0.11049818992615, 0.87721711397171, -0.52704215049744, 0.36690771579742, 0.84383904933929, -0.59218728542328, 0.45242375135422, 0.88481992483139, -0.65694224834442, 0.46392765641212, 0.90787130594254, -0.67095351219177, 0.45221692323685, 0.93878924846649, -0.67433261871338, 0.42573437094688, 0.95860189199448, -0.6732075214386
0.05285024270415, -0.02708673290908, -0.5289101600647, 0.30308037996292, 0.52147370576859, 0.31023809313774, 0.25948688387871, 0.05986791849136, -0.2188586294651, 0.10273712873459, 1.5141853094101, -0.42335110902786, -0.99746304750443, -0.27841344475746, 0.259661257267, -0.20246022939682, 0.87667232751846, -0.39756536483765, -0.55778592824936, -2.60303378105164, -3.05828857421875, 0.27409055829048, 0.91260659694672, -0.67228829860687, 1.18478906154633, -0.16196720302105, 2.94607496261597, -0.1019921451807, 0.78094696998596, -0.40933457016945, -0.04832534492016, 0.84552758932114, -0.4876597225666, -0.0506719648838, 0.86267179250717, -0.51133662462234, -0.07773575186729, 0.87262439727783, -0.52785855531693, -0.11049818992615, 0.87721711397171, -0.52704215049744, 0.3678215444088, 0.84500241279602, -0.59457170963287, 0.4529932141304, 0.88672399520874, -0.65930742025375, 0.46427708864212, 0.90986287593842, -0.67335343360901, 0.45225316286087, 0.94065141677856, -0.67681288719177, 0.4255667924881, 0.96019285917282, -0.67576283216476
0.17145393788815, -0.04659175500274, -0.21921156346798, -0.52003139257431, -0.31540262699127, 1.75806224346161, 0.26057413220406, 0.05978274345398, -0.22135934233665, 0.10305696725845, 1.51408398151398, -0.42412638664246, -0.99686831235886, -0.27236187458038, 0.25656014680862, -0.20246022939682, 0.87667232751846, -0.39756536483765, -0.55778592824936, -2.60303378105164, -3.05828857421875, 0.27439102530479, 0.91280275583267, -0.67532253265381, 1.18524718284607, -0.1432411968708, 2.96668910980225, -0.1019921451807, 0.78094696998596, -0.40933457016945, -0.04832534492016, 0.84552758932114, -0.4876597225666, -0.0506719648838, 0.86267179250717, -0.51133662462234, -0.07773575186729, 0.87262439727783, -0.52785855531693, -0.11049818992615, 0.87721711397171, -0.52704215049744, 0.36861291527748, 0.84598207473755, -0.59752207994461, 0.45348364114761, 0.88831436634064, -0.66225653886795, 0.46459347009659, 0.91152966022491, -0.6763151884079, 0.45233303308487, 0.94222176074982, -0.67980152368546, 0.42549586296082, 0.96155691146851, -0.67877560853958
0.13046979904175, -0.01022100355476, -0.30008551478386, -0.25427681207657, -0.15019534528255, 1.23269379138947, 0.26146557927132, 0.05988377332687, -0.2243427336216, 0.10337615013123, 1.51396012306213, -0.42483055591583, -0.99627584218979, -0.26633429527283, 0.25416868925095, -0.20246022939682, 0.87667232751846, -0.39756536483765, -0.55778592824936, -2.60303378105164, -3.05828857421875, 0.27468460798264, 0.91310799121857, -0.6786550283432, 1.1862725019455, -0.1283778399229, 2.98248648643494, -0.1019921451807, 0.78094696998596, -0.40933457016945, -0.04832534492016, 0.84552758932114, -0.4876597225666, -0.0506719648838, 0.86267179250717, -0.51133662462234, -0.07773575186729, 0.87262439727783, -0.52785855531693, -0.11049818992615, 0.87721711397171, -0.52704215049744, 0.36932420730591, 0.84683901071548, -0.60088968276978, 0.45392423868179, 0.88969498872757, -0.6656339764595, 0.46489101648331, 0.91297966241837, -0.67969012260437, 0.45244532823563, 0.94359815120697, -0.68316721916199, 0.42549255490303, 0.96277123689651, -0.68213123083115
0.10697364062071, 0.01212358381599, -0.35800692439079, -0.08638609200716, -0.04443622380495, 0.91760915517807, 0.26222440600395, 0.0601105093956, -0.22768869996071, 0.10367095470428, 1.51384305953979, -0.42552191019058, -0.99600344896317, -0.26043549180031, 0.25168731808662, -0.20246022939682, 0.87667232751846, -0.39756536483765, -0.55778592824936, -2.60303378105164, -3.05828857421875, 0.27410292625427, 0.91292643547058, -0.68001341819763, 1.18587052822113, -0.12414444983006, 2.99070930480957, -0.1019921451807, 0.78094696998596, -0.40933457016945, -0.04832534492016, 0.84552758932114, -0.4876597225666, -0.0506719648838, 0.86267179250717, -0.51133662462234, -0.07773575186729, 0.87262439727783, -0.52785855531693, -0.11049818992615, 0.87721711397171, -0.52704215049744, 0.36867743730545, 0.847003698349, -0.60187548398972, 0.45336705446243, 0.89006364345551, -0.66636675596237, 0.46431130170822, 0.91337025165558, -0.68040418624878, 0.45178538560867, 0.94394838809967, -0.68394768238068, 0.42477166652679, 0.96304100751877, -0.6830181479454
0.09105920046568, 0.02720832638443, -0.40151593089104, 0.0242796652019, 0.02608075737953, 0.73565059900284, 0.26184126734734, 0.05989950895309, -0.22902837395668, 0.10382872819901, 1.51363289356232, -0.42619735002518, -0.99549603462219, -0.25508090853691, 0.24976924061775, -0.20246022939682, 0.87667232751846, -0.39756536483765, -0.55778592824936, -2.60303378105164, -3.05828857421875, 0.27369463443756, 0.91292327642441, -0.68193745613098, 1.18626391887665, -0.11920139938593, 2.99782276153564, -0.1019921451807, 0.78094696998596, -0.40933457016945, -0.04832534492016, 0.84552758932114, -0.4876597225666, -0.0506719648838, 0.86267179250717, -0.51133662462234, -0.07773575186729, 0.87262439727783, -0.52785855531693, -0.11049818992615, 0.87721711397171, -0.52704215049744, 0.3683175444603, 0.84725052118301, -0.60364776849747, 0.45299702882767, 0.89054322242737, -0.66799640655518, 0.46390146017075, 0.91388022899628, -0.68201422691345, 0.45129898190498, 0.94442468881607, -0.68557643890381, 0.42423236370087, 0.96344435214996, -0.68469029664993
-0.04597663506866, -0.02532005123794, -0.16076086461544, -0.09199722856283, -0.39579519629478, 0.35109359025955, 0.26162457466125, 0.05986285209656, -0.23097756505013, 0.10397046804428, 1.51349258422852, -0.42696982622147, -0.99546998739243, -0.24973522126675, 0.24697743356228, -0.20246022939682, 0.87667232751846, -0.39756536483765, -0.55778592824936, -2.60303378105164, -3.05828857421875, 0.2734090089798, 0.91303026676178, -0.6842794418335, 1.18703639507294, -0.11396507173777, 3.00429773330688, -0.1019921451807, 0.78094696998596, -0.40933457016945, -0.04832534492016, 0.84552758932114, -0.4876597225666, -0.0506719648838, 0.86267179250717, -0.51133662462234, -0.07773575186729, 0.87262439727783, -0.52785855531693, -0.11049818992615, 0.87721711397171, -0.52704215049744, 0.36813580989838, 0.84755623340607, -0.60594892501831, 0.45275604724884, 0.89109170436859, -0.6702116727829, 0.46361285448074, 0.91446274518967, -0.6842098236084, 0.45093679428101, 0.94497734308243, -0.6877669095993, 0.42382204532623, 0.9639288187027, -0.68689233064651
-0.02600312046707, -0.00439882278442, -0.23390291631222, 0.00551551021636, -0.21099762618542, 0.33670938014984, 0.26152411103249, 0.05993515253067, -0.23336616158485, 0.1041687130928, 1.51333248615265, -0.42769140005112, -0.9956106543541, -0.24435549974442, 0.24487066268921, -0.20246022939682, 0.87667232751846, -0.39756536483765, -0.55778592824936, -2.60303378105164, -3.05828857421875, 0.27321484684944, 0.91321092844009, -0.68695551156998, 1.18798410892487, -0.10863219946623, 3.01038241386414, -0.1019921451807, 0.78094696998596, -0.40933457016945, -0.04832534492016, 0.84552758932114, -0.4876597225666, -0.0506719648838, 0.86267179250717, -0.51133662462234, -0.07773575186729, 0.87262439727783, -0.52785855531693, -0.11049818992615, 0.87721711397171, -0.52704215049744, 0.36807209253311, 0.84790724515915, -0.60864067077637, 0.45260894298553, 0.8916871547699, -0.67284709215164, 0.46341472864151, 0.91509342193604, -0.6868257522583, 0.45066756010056, 0.94558042287827, -0.69036573171616, 0.42350775003433, 0.96446704864502, -0.68948656320572
-0.01205563452095, 0.00867605209351, -0.28663155436516, 0.05507919937372, -0.08516752719879, 0.28103420138359, 0.26150941848755, 0.06008118391037, -0.23609903454781, 0.10434281826019, 1.51318359375, -0.42849045991898, -0.99610006809235, -0.23907493054867, 0.2426802366972, -0.20246022939682, 0.87667232751846, -0.39756536483765, -0.55778592824936, -2.60303378105164, -3.05828857421875, 0.27287670969963, 0.91136962175369, -0.68950855731964, 1.18355476856232, -0.11256372183561, 3.01050806045532, -0.1019921451807, 0.78094696998596, -0.40933457016945, -0.04832534492016, 0.84552758932114, -0.4876597225666, -0.0506719648838, 0.86267179250717, -0.51133662462234, -0.07773575186729, 0.87262439727783, -0.52785855531693, -0.11049818992615, 0.87721711397171, -0.52704215049744, 0.36738681793213, 0.84637069702148, -0.61052334308624, 0.45220252871513, 0.88983058929443, -0.67457914352417, 0.4630753993988, 0.913170337677, -0.68861699104309, 0.45035639405251, 0.9436469078064, -0.692342877388, 0.42320173978806, 0.96254903078079, -0.69165682792664
-0.00176310527604, 0.01752376556396, -0.32794472575188, 0.08149849623442, -0.03985765203834, 0.28466966748238, 0.26109728217125, 0.05828851461411, -0.23835977911949, 0.10455995798111, 1.51299476623535, -0.42924445867538, -0.99608129262924, -0.23336881399155, 0.24043603241444, -0.20246022939682, 0.87667232751846, -0.39756536483765, -0.55778592824936, -2.60303378105164, -3.05828857421875, 0.27262333035469, 0.91001635789871, -0.69236493110657, 1.18090260028839, -0.11339159309864, 3.01251935958862, -0.1019921451807, 0.78094696998596, -0.40933457016945, -0.04832534492016, 0.84552758932114, -0.4876597225666, -0.0506719648838, 0.86267179250717, -0.51133662462234, -0.07773575186729, 0.87262439727783, -0.52785855531693, -0.11049818992615, 0.87721711397171, -0.52704215049744, 0.3669501543045, 0.84527623653412, -0.6129492521286, 0.45191812515259, 0.88860082626343, -0.67689484357834, 0.46281808614731, 0.91190731525421, -0.69096684455872, 0.45009529590607, 0.94236779212952, -0.69480985403061, 0.42293033003807, 0.96125912666321, -0.69424831867218
-0.04945635423064, -0.2151203006506, -0.27128934860229, -0.51418954133987, -0.47811993956566, -0.03735123202205, 0.26085206866264, 0.05695730447769, -0.24103811383247, 0.10468924045563, 1.51286554336548, -0.43015015125275, -0.9963613152504, -0.22808769345284, 0.23729868233204, -0.20246022939682, 0.87667232751846, -0.39756536483765, -0.55778592824936, -2.60303378105164, -3.05828857421875, 0.27243760228157, 0.90901219844818, -0.69544267654419, 1.17936730384827, -0.11235855519772, 3.01560711860657, -0.1019921451807, 0.78094696998596, -0.40933457016945, -0.04832534492016, 0.84552758932114, -0.4876597225666, -0.0506719648838, 0.86267179250717, -0.51133662462234, -0.07773575186729, 0.87262439727783, -0.52785855531693, -0.11049818992615, 0.87721711397171, -0.52704215049744, 0.36668375134468, 0.844497859478, -0.61574804782867, 0.45172503590584, 0.88780111074448, -0.67961061000824, 0.46262747049332, 0.91109508275986, -0.69370138645172, 0.44988143444061, 0.94153642654419, -0.69761806726456, 0.42269676923752, 0.96040159463882, -0.69713735580444
-0.02942561917007, -0.15974520146847, -0.32140013575554, -0.32631656527519, -0.32190269231796, 0.05250791087747, 0.26072436571121, 0.05595850944519, -0.24400946497917, 0.1049297451973, 1.51269459724426, -0.43094551563263, -0.99618482589722, -0.2225474268198, 0.23486523330212, -0.20246022939682, 0.87667232751846, -0.39756536483765, -0.55778592824936, -2.60303378105164, -3.05828857421875, 0.27230614423752, 0.90825998783112, -0.69866514205933, 1.17851340770721, -0.11023996770382, 3.01928687095642, -0.1019921451807, 0.78094696998596, -0.40933457016945, -0.04832534492016, 0.84552758932114, -0.4876597225666, -0.0506719648838, 0.86267179250717, -0.51133662462234, -0.07773575186729, 0.87262439727783, -0.52785855531693, -0.11049818992615, 0.87721711397171, -0.52704215049744, 0.36653390526772, 0.8439484834671, -0.61878496408463, 0.45160061120987, 0.88729828596115, -0.68258202075958, 0.46249079704285, 0.91059231758118, -0.69668221473694, 0.4497102200985, 0.94101309776306, -0.70064586400986, 0.42250037193298, 0.95984333753586, -0.70021891593933
-0.01532435324043, -0.11985539644957, -0.35656210780144, -0.18789276480675, -0.20536391437054, 0.10857916623354, 0.26067999005318, 0.05520141124725, -0.24716952443123, 0.10527163743973, 1.51256382465363, -0.43177247047424, -0.99605816602707, -0.2171127051115, 0.23215010762215, -0.20246022939682, 0.87667232751846, -0.39756536483765, -0.55778592824936, -2.60303378105164, -3.05828857421875, 0.27235287427902, 0.90628296136856, -0.70115232467651, 1.17288887500763, -0.11039392650127, 3.02498197555542, -0.1019921451807, 0.78094696998596, -0.40933457016945, -0.04832534492016, 0.84552758932114, -0.4876597225666, -0.0506719648838, 0.86267179250717, -0.51133662462234, -0.07773575186729, 0.87262439727783, -0.52785855531693, -0.11049818992615, 0.87721711397171, -0.52704215049744, 0.36624586582184, 0.84258657693863, -0.62038993835449, 0.45158976316452, 0.88569784164429, -0.68397814035416, 0.46252012252808, 0.90892642736435, -0.69815492630005, 0.44971427321434, 0.93930339813232, -0.70236510038376, 0.42247349023819, 0.95809292793274, -0.7021951675415
-0.00532507849857, -0.09085177630186, -0.3792071044445, -0.13158968091011, -0.16428869962692, 0.15607343614101, 0.26078978180885, 0.05326783657074, -0.24927023053169, 0.10560297966003, 1.51240837574005, -0.43257743120193, -0.9960418343544, -0.21198882162571, 0.22980436682701, -0.20246022939682, 0.87667232751846, -0.39756536483765, -0.55778592824936, -2.60303378105164, -3.05828857421875, 0.27239906787872, 0.9047669172287, -0.70386230945587, 1.16887998580933, -0.10921537131071, 3.03068447113037, -0.1019921451807, 0.78094696998596, -0.40933457016945, -0.04832534492016, 0.84552758932114, -0.4876597225666, -0.0506719648838, 0.86267179250717, -0.51133662462234, -0.07773575186729, 0.87262439727783, -0.52785855531693, -0.11049818992615, 0.87721711397171, -0.52704215049744, 0.36607384681702, 0.84157907962799, -0.62244963645935, 0.45160037279129, 0.88457292318344, -0.68587177991867, 0.46254760026932, 0.90776073932648, -0.70010215044022, 0.44970560073853, 0.93809688091278, -0.70449286699295, 0.42243134975433, 0.95683854818344, -0.70451337099075
0.01317500974983, -0.23202894628048, -0.25208473205566, -0.70736080408096, -0.65963262319565, 0.19897167384624, 0.26092776656151, 0.05177742242813, -0.25170156359673, 0.10596132278442, 1.51228773593903, -0.43340766429901, -0.99635076522827, -0.20687131583691, 0.22689381241798, -0.20246022939682, 0.87667232751846, -0.39756536483765, -0.55778592824936, -2.60303378105164, -3.05828857421875, 0.2724407017231, 0.90357279777527, -0.70673799514771, 1.16602492332459, -0.10717635601759, 3.03627157211304, -0.1019921451807, 0.78094696998596, -0.40933457016945, -0.04832534492016, 0.84552758932114, -0.4876597225666, -0.0506719648838, 0.86267179250717, -0.51133662462234, -0.07773575186729, 0.87262439727783, -0.52785855531693, -0.11049818992615, 0.87721711397171, -0.52704215049744, 0.36598026752472, 0.84081131219864, -0.62484151124954, 0.45162272453308, 0.88377046585083, -0.68813049793243, 0.46257072687149, 0.90693497657776, -0.70239824056625, 0.44968581199646, 0.93723332881927, -0.70692205429077, 0.42237681150436, 0.95592361688614, -0.70708471536636
0.0165581703186, -0.17884968221188, -0.29175993800163, -0.50797748565674, -0.4893844127655, 0.21192747354507, 0.26107901334763, 0.05059611797333, -0.25437596440315, 0.10625207424164, 1.51213586330414, -0.43425208330154, -0.99676126241684, -0.20231087505817, 0.22425435483456, -0.20246022939682, 0.87667232751846, -0.39756536483765, -0.55778592824936, -2.60303378105164, -3.05828857421875, 0.27247989177704, 0.9026026725769, -0.70972961187363, 1.16394007205963, -0.10461200028658, 3.04171633720398, -0.1019921451807, 0.78094696998596, -0.40933457016945, -0.04832534492016, 0.84552758932114, -0.4876597225666, -0.0506719648838, 0.86267179250717, -0.51133662462234, -0.07773575186729, 0.87262439727783, -0.52785855531693, -0.11049818992615, 0.87721711397171, -0.52704215049744, 0.36593922972679, 0.84020924568176, -0.62746119499207, 0.45165351033211, 0.88318717479706, -0.6906401515007, 0.46259194612503, 0.90633982419968, -0.70493447780609, 0.44966012239456, 0.93660295009613, -0.70955944061279, 0.4223158955574, 0.95524030923843, -0.70983159542084
0.01814961247146, -0.14175653457642, -0.32092806696892, -0.36790531873703, -0.37072491645813, 0.22344791889191, 0.26123821735382, 0.04963034391403, -0.25721803307533, 0.10645496845245, 1.51194286346436, -0.43511861562729, -0.99723833799362, -0.19790714979172, 0.22179812192917, -0.20246022939682, 0.87667232751846, -0.39756536483765, -0.55778592824936, -2.60303378105164, -3.05828857421875, 0.27217385172844, 0.90323477983475, -0.71002686023712, 1.16290664672852, -0.11362366378307, 3.03396773338318, -0.1019921451807, 0.78094696998596, -0.40933457016945, -0.04832534492016, 0.84552758932114, -0.4876597225666, -0.0506719648838, 0.86267179250717, -0.51133662462234, -0.07773575186729, 0.87262439727783, -0.52785855531693, -0.11049818992615, 0.87721711397171, -0.52704215049744, 0.36527913808823, 0.84060323238373, -0.62753820419312, 0.45124864578247, 0.88326585292816, -0.69058394432068, 0.46228736639023, 0.9063737988472, -0.70487344264984, 0.44946020841599, 0.93667441606522, -0.70954382419586, 0.42217564582825, 0.95539802312851, -0.70988076925278
0.01910447888076, -0.1158928796649, -0.3410482108593, -0.27515980601311, -0.29145130515099, 0.22848227620125, 0.26066711544991, 0.05030626058578, -0.25748357176781, 0.1066866517067, 1.51174139976501, -0.43598365783691, -0.99774616956711, -0.19412799179554, 0.21994949877262, -0.20246022939682, 0.87667232751846, -0.39756536483765, -0.55778592824936, -2.60303378105164, -3.05828857421875, 0.27197089791298, 0.90362882614136, -0.71085929870605, 1.16202747821808, -0.11900650709867, 3.02989745140076, -0.1019921451807, 0.78094696998596, -0.40933457016945, -0.04832534492016, 0.84552758932114, -0.4876597225666, -0.0506719648838, 0.86267179250717, -0.51133662462234, -0.07773575186729, 0.87262439727783, -0.52785855531693, -0.11049818992615, 0.87721711397171, -0.52704215049744, 0.36483311653137, 0.84089517593384, -0.62817448377609, 0.45097905397415, 0.88336765766144, -0.69110763072968, 0.46208077669144, 0.90644693374634, -0.70539474487305, 0.44931304454803, 0.93676620721817, -0.71010702848434, 0.42206108570099, 0.95553606748581, -0.71050173044205
-0.06853222846985, 0.08110999315977, -0.03186464309692, -0.08225060999393, -0.21797494590282, -0.35247895121574, 0.26031404733658, 0.05072796344757, -0.25828233361244, 0.10692465305328, 1.51151442527771, -0.43683338165283, -0.99803972244263, -0.19020843505859, 0.21814984083176, -0.20246022939682, 0.87667232751846, -0.39756536483765, -0.55778592824936, -2.60303378105164, -3.05828857421875, 0.27182498574257, 0.90388429164886, -0.71206045150757, 1.16126263141632, -0.12208207696676, 3.02815365791321, -0.1019921451807, 0.78094696998596, -0.40933457016945, -0.04832534492016, 0.84552758932114, -0.4876597225666, -0.0506719648838, 0.86267179250717, -0.51133662462234, -0.07773575186729, 0.87262439727783, -0.52785855531693, -0.11049818992615, 0.87721711397171, -0.52704215049744, 0.36451607942581, 0.84113413095474, -0.62919634580612, 0.45078790187836, 0.88349682092667, -0.69203096628189, 0.46192872524261, 0.90655773878098, -0.70631724596024, 0.44919165968895, 0.93688380718231, -0.71106880903244, 0.42195498943329, 0.95567464828491, -0.71151638031006
-0.04236816987395, 0.05060433968902, -0.09585141390562, -0.08097688853741, -0.19577357172966, -0.21067252755165, 0.26009121537209, 0.05100029706955, -0.2594487965107, 0.1071817278862, 1.51131927967072, -0.43765819072723, -0.99841916561127, -0.18616884946823, 0.21621733903885, -0.20246022939682, 0.87667232751846, -0.39756536483765, -0.55778592824936, -2.60303378105164, -3.05828857421875, 0.27171009778976, 0.90405178070068, -0.71356546878815, 1.16057515144348, -0.12371028214693, 3.02786707878113, -0.1019921451807, 0.78094696998596, -0.40933457016945, -0.04832534492016, 0.84552758932114, -0.4876597225666, -0.0506719648838, 0.86267179250717, -0.51133662462234, -0.07773575186729, 0.87262439727783, -0.52785855531693, -0.11049818992615, 0.87721711397171, -0.52704215049744, 0.36427554488182, 0.84133875370026, -0.63053292036057, 0.45064148306847, 0.88364243507385, -0.69327801465988, 0.46180635690689, 0.90669161081314, -0.70756447315216, 0.44908177852631, 0.93701696395874, -0.71235364675522, 0.42184948921204, 0.95581293106079, -0.71285104751587
-0.02673983387649, 0.03268003463745, -0.13997554779053, -0.08581083267927, -0.18903940916061, -0.10877605527639, 0.25994545221329, 0.05117779970169, -0.26091846823692, 0.10739749670029, 1.51112079620361, -0.43849378824234, -0.99858742952347, -0.18231606483459, 0.21377052366734, -0.20246022939682, 0.87667232751846, -0.39756536483765, -0.55778592824936, -2.60303378105164, -3.05828857421875, 0.27161249518394, 0.90415692329407, -0.71533399820328, 1.1599395275116, -0.12441796809435, 3.02850294113159, -0.1019921451807, 0.78094696998596, -0.40933457016945, -0.04832534492016, 0.84552758932114, -0.4876597225666, -0.0506719648838, 0.86267179250717, -0.51133662462234, -0.07773575186729, 0.87262439727783, -0.52785855531693, -0.11049818992615, 0.87721711397171, -0.52704215049744, 0.36408153176308, 0.84151494503021, -0.6321405172348, 0.45052108168602, 0.88379204273224, -0.69480210542679, 0.46170037984848, 0.90683370828629, -0.70908939838409, 0.44897681474686, 0.93715369701385, -0.7139151096344, 0.42174190282822, 0.9559445977211, -0.71446001529694
-0.01749157905579, 0.02130031399429, -0.17636059224606, -0.07206255942583, -0.14746756851673, -0.02301603369415, 0.25984627008438, 0.05128848552704, -0.26265129446983, 0.10762512683868, 1.51091420650482, -0.43933922052383, -0.9988642334938, -0.17859975993633, 0.21149218082428, -0.20246022939682, 0.87667232751846, -0.39756536483765, -0.55778592824936, -2.60303378105164, -3.05828857421875, 0.27075558900833, 0.90547060966492, -0.71527791023254, 1.16218030452728, -0.12549093365669, 3.02469635009766, -0.1019921451807, 0.78094696998596, -0.40933457016945, -0.04832534492016, 0.84552758932114, -0.4876597225666, -0.0506719648838, 0.86267179250717, -0.51133662462234, -0.07773575186729, 0.87262439727783, -0.52785855531693, -0.11049818992615, 0.87721711397171, -0.52704215049744, 0.36334839463234, 0.8425150513649, -0.63245975971222, 0.44968807697296, 0.88483756780624, -0.69522821903229, 0.46086114645004, 0.90789997577667, -0.7094869017601, 0.44816315174103, 0.93824702501297, -0.71420872211456, 0.42095014452934, 0.95707243680954, -0.71464246511459
-0.01190185453743, 0.01328229811043, -0.20793913304806, -0.07501108944416, -0.14706294238567, 0.01467168796808, 0.25892290472984, 0.05258899927139, -0.26275214552879, 0.10783618688583, 1.51071095466614, -0.44016122817993, -0.9991210103035, -0.1750265955925, 0.20893469452858, -0.20246022939682, 0.87667232751846, -0.39756536483765, -0.55778592824936, -2.60303378105164, -3.05828857421875, 0.27008765935898, 0.90648746490479, -0.71560347080231, 1.16365242004395, -0.1259683072567, 3.02256774902344, -0.1019921451807, 0.78094696998596, -0.40933457016945, -0.04832534492016, 0.84552758932114, -0.4876597225666, -0.0506719648838, 0.86267179250717, -0.51133662462234, -0.07773575186729, 0.87262439727783, -0.52785855531693, -0.11049818992615, 0.87721711397171, -0.52704215049744, 0.36276137828827, 0.84334188699722, -0.63302081823349, 0.44903600215912, 0.88570636510849, -0.69585037231445, 0.46020311117172, 0.9087837934494, -0.71008944511414, 0.4475180208683, 0.93914651870728, -0.71474498510361, 0.42031669616699, 0.95799034833908, -0.7151090502739
-0.11080383509398, 0.15606163442135, -0.01210212614387, 0.27487960457802, 0.26160800457001, -0.14421615004539, 0.25822150707245, 0.05359584093094, -0.26318058371544, 0.10810202360153, 1.51050877571106, -0.44096326828003, -0.99939119815826, -0.17155113816261, 0.20661428570747, -0.20246022939682, 0.87667232751846, -0.39756536483765, -0.55778592824936, -2.60303378105164, -3.05828857421875, 0.269515812397, 0.90734440088272, -0.71622800827026, 1.16467583179474, -0.12609553337097, 3.02141904830933, -0.1019921451807, 0.78094696998596, -0.40933457016945, -0.04832534492016, 0.84552758932114, -0.4876597225666, -0.0506719648838, 0.86267179250717, -0.51133662462234, -0.07773575186729, 0.87262439727783, -0.52785855531693, -0.11049818992615, 0.87721711397171, -0.52704215049744, 0.36224576830864, 0.84408044815063, -0.63379919528961, 0.44847577810287, 0.88648456335068, -0.69666332006454, 0.45963704586029, 0.90957367420197, -0.71088796854019, 0.44695746898651, 0.9399453997612, -0.71549916267395, 0.41976189613342, 0.95879834890366, -0.71581780910492
-0.08416771143675, 0.12082099169493, -0.05141257867217, 0.1632012873888, 0.15384317934513, -0.06803859770298, 0.25763532519341, 0.0544445514679, -0.26387658715248, 0.10849583148956, 1.51027834415436, -0.44176071882248, -0.99996519088745, -0.16862007975578, 0.20502103865147, -0.20246022939682, 0.87667232751846, -0.39756536483765, -0.55778592824936, -2.60303378105164, -3.05828857421875, 0.26899665594101, 0.90810281038284, -0.7171191573143, 1.16542017459869, -0.12600766122341, 3.02087211608887, -0.1019921451807, 0.78094696998596, -0.40933457016945, -0.04832534492016, 0.84552758932114, -0.4876597225666, -0.0506719648838, 0.86267179250717, -0.51133662462234, -0.07773575186729, 0.87262439727783, -0.52785855531693, -0.11049818992615, 0.87721711397171, -0.52704215049744, 0.36176764965057, 0.84476459026337, -0.6347935795784, 0.44796562194824, 0.8872064948082, -0.69767612218857, 0.45912128686905, 0.91030514240265, -0.71188968420029, 0.44644266366959, 0.94068193435669, -0.71647012233734, 0.41924920678139, 0.95953840017319, -0.71675825119019
-0.07034182548523, 0.10184525698423, -0.08352040499449, 0.14832405745983, 0.13019903004169, -0.04734279960394, 0.2571134865284, 0.05519580841064, -0.26481959223747, 0.10888671875, 1.51004540920258, -0.44252872467041, -1.00031125545502, -0.16571600735188, 0.20309428870678, -0.20246022939682, 0.87667232751846, -0.39756536483765, -0.55778592824936, -2.60303378105164, -3.05828857421875, 0.26880931854248, 0.90867161750793, -0.71681106090546, 1.16980612277985, -0.12901991605759, 3.01126646995544, -0.1019921451807, 0.78094696998596, -0.40933457016945, -0.04832534492016, 0.84552758932114, -0.4876597225666, -0.0506719648838, 0.86267179250717, -0.51133662462234, -0.07773575186729, 0.87262439727783, -0.52785855531693, -0.11049818992615, 0.87721711397171, -0.52704215049744, 0.36185464262962, 0.84464240074158, -0.63533401489258, 0.44782057404518, 0.88711488246918, -0.69851279258728, 0.45896714925766, 0.91024661064148, -0.71267968416214, 0.44635918736458, 0.94068515300751, -0.71703964471817, 0.41922491788864, 0.95962882041931, -0.71707832813263
-0.06262063980103, 0.0901508256793, -0.11316060274839, 0.09178256243467, 0.07125370204449, -0.0152243077755, 0.25674563646317, 0.05574959516525, -0.26481321454048, 0.10922884941101, 1.50983822345734, -0.44329243898392, -1.00089335441589, -0.16313721239567, 0.20152893662453, -0.20246022939682, 0.87667232751846, -0.39756536483765, -0.55778592824936, -2.60303378105164, -3.05828857421875, 0.26857376098633, 0.90916526317596, -0.71679854393005, 1.17384552955627, -0.13177229464054, 3.00251698493958, -0.1019921451807, 0.78094696998596, -0.40933457016945, -0.04832534492016, 0.84552758932114, -0.4876597225666, -0.0506719648838, 0.86267179250717, -0.51133662462234, -0.07773575186729, 0.87262439727783, -0.52785855531693, -0.11049818992615, 0.87721711397171, -0.52704215049744, 0.3618665933609, 0.8445103764534, -0.63610237836838, 0.44761729240417, 0.88702017068863, -0.69954806566238, 0.45875459909439, 0.91018313169479, -0.71367120742798, 0.44621068239212, 0.94067639112473, -0.71782886981964, 0.41913077235222, 0.959696829319, -0.71763920783997
-0.04414200410247, 0.06645441055298, 0.00076532358071, 0.58259832859039, 0.70027267932892, -0.38113209605217, 0.25634816288948, 0.05623012781143, -0.2650782763958, 0.10955947637558, 1.50961053371429, -0.44401061534882, -1.00146639347076, -0.16029939055443, 0.19987337291241, -0.20246022939682, 0.87667232751846, -0.39756536483765, -0.55778592824936, -2.60303378105164, -3.05828857421875, 0.26829767227173, 0.90963667631149, -0.71697151660919, 1.17788004875183, -0.13448356091976, 2.99389696121216, -0.1019921451807, 0.78094696998596, -0.40933457016945, -0.04832534492016, 0.84552758932114, -0.4876597225666, -0.0506719648838, 0.86267179250717, -0.51133662462234, -0.07773575186729, 0.87262439727783, -0.52785855531693, -0.11049818992615, 0.87721711397171, -0.52704215049744, 0.36183300614357, 0.84436827898026, -0.63705372810364, 0.44736725091934, 0.88692462444305, -0.70075982809067, 0.4584943652153, 0.91011947393417, -0.71483844518661, 0.44601315259933, 0.94066524505615, -0.71879506111145, 0.41898727416992, 0.95975875854492, -0.71837884187698
-0.04769682511687, 0.05766391381621, -0.03180742263794, 0.53004097938538, 0.63290196657181, -0.33910131454468, 0.25591513514519, 0.05668902397156, -0.26552823185921, 0.10977244377136, 1.50942540168762, -0.44475042819977, -1.00188934803009, -0.15738333761692, 0.19765596091747, -0.20246022939682, 0.87667232751846, -0.39756536483765, -0.55778592824936, -2.60303378105164, -3.05828857421875, 0.26799184083939, 0.91011077165604, -0.71728903055191, 1.18201875686646, -0.13721467554569, 2.98519420623779, -0.1019921451807, 0.78094696998596, -0.40933457016945, -0.04832534492016, 0.84552758932114, -0.4876597225666, -0.0506719648838, 0.86267179250717, -0.51133662462234, -0.07773575186729, 0.87262439727783, -0.52785855531693, -0.11049818992615, 0.87721711397171, -0.52704215049744, 0.36177122592926, 0.84422540664673, -0.63816738128662, 0.44708216190338, 0.88683944940567, -0.70213383436203, 0.45819783210754, 0.91006797552109, -0.71616595983505, 0.44577941298485, 0.94066518545151, -0.71991729736328, 0.41880849003792, 0.95982986688614, -0.71927052736282
-0.0519633255899, 0.0550675354898, -0.05399465188384, 0.53284931182861, 0.62969595193863, -0.33041444420815, 0.25545364618301, 0.05715084075928, -0.26612958312035, 0.11000281572342, 1.50923335552216, -0.44546461105347, -1.0023285150528, -0.15479254722595, 0.19610917568207, -0.20246022939682, 0.87667232751846, -0.39756536483765, -0.55778592824936, -2.60303378105164, -3.05828857421875, 0.26750838756561, 0.91059285402298, -0.71768963336945, 1.18768084049225, -0.15634614229202, 2.96020340919495, -0.1019921451807, 0.78094696998596, -0.40933457016945, -0.04832534492016, 0.84552758932114, -0.4876597225666, -0.0506719648838, 0.86267179250717, -0.51133662462234, -0.07773575186729, 0.87262439727783, -0.52785855531693, -0.11049818992615, 0.87721711397171, -0.52704215049744, 0.36103993654251, 0.84336441755295, -0.63940894603729, 0.44645366072655, 0.88570117950439, -0.70342230796814, 0.45771008729935, 0.90893232822418, -0.71733736991882, 0.44553709030151, 0.9396590590477, -0.72082531452179, 0.41873264312744, 0.95904630422592, -0.71993601322174
-0.05537867173553, 0.05541801080108, -0.07216214388609, 0.54537570476532, 0.63723748922348, -0.32670596241951, 0.25435724854469, 0.0576736330986, -0.26701524853706, 0.11022245883942, 1.50904655456543, -0.44618386030197, -1.00255739688873, -0.15193170309067, 0.19432397186756, -0.20246022939682, 0.87667232751846, -0.39756536483765, -0.55778592824936, -2.60303378105164, -3.05828857421875, 0.2670990228653, 0.91101449728012, -0.71816277503967, 1.19234216213226, -0.17261418700218, 2.93899965286255, -0.1019921451807, 0.78094696998596, -0.40933457016945, -0.04832534492016, 0.84552758932114, -0.4876597225666, -0.0506719648838, 0.86267179250717, -0.51133662462234, -0.07773575186729, 0.87262439727783, -0.52785855531693, -0.11049818992615, 0.87721711397171, -0.52704215049744, 0.36042159795761, 0.84267222881317, -0.640600502491, 0.44591253995895, 0.88478696346283, -0.70465725660324, 0.45728445053101, 0.90802049636841, -0.71847414970398, 0.4453156888485, 0.93885165452957, -0.721739590168, 0.41865122318268, 0.95842051506042, -0.72064423561096
-0.13156771659851, 0.06273508071899, -0.10627984255552, 0.84140759706497, 0.48859506845474, -1.01867187023163, 0.25344067811966, 0.05813437700272, -0.26789537072182, 0.11042839288712, 1.5088574886322, -0.44684439897537, -1.00262153148651, -0.14926511049271, 0.19279672205448, -0.20246022939682, 0.87667232751846, -0.39756536483765, -0.55778592824936, -2.60303378105164, -3.05828857421875, 0.26672160625458, 0.91141480207443, -0.71874290704727, 1.19652092456818, -0.18755030632019, 2.91955280303955, -0.1019921451807, 0.78094696998596, -0.40933457016945, -0.04832534492016, 0.84552758932114, -0.4876597225666, -0.0506719648838, 0.86267179250717, -0.51133662462234, -0.07773575186729, 0.87262439727783, -0.52785855531693, -0.11049818992615, 0.87721711397171, -0.52704215049744, 0.35985487699509, 0.84207034111023, -0.64184540510178, 0.44540798664093, 0.88399320840836, -0.70594501495361, 0.45688253641129, 0.90722918510437, -0.71967262029648, 0.44509780406952, 0.93815207481384, -0.72273421287537, 0.41856056451797, 0.95788162946701, -0.72144907712936
-0.10998844355345, 0.05528926476836, -0.10561465471983, 0.70609939098358, 0.40975785255432, -0.84072172641754, 0.25260850787163, 0.05857372283936, -0.26884612441063, 0.11067897081375, 1.50869035720825, -0.44748532772064, -1.0028430223465, -0.14634977281094, 0.19111590087414, -0.20246022939682, 0.87667232751846, -0.39756536483765, -0.55778592824936, -2.60303378105164, -3.05828857421875, 0.26635181903839, 0.91181707382202, -0.71946156024933, 1.20049726963043, -0.20205020904541, 2.90068531036377, -0.1019921451807, 0.78094696998596, -0.40933457016945, -0.04832534492016, 0.84552758932114, -0.4876597225666, -0.0506719648838, 0.86267179250717, -0.51133662462234, -0.07773575186729, 0.87262439727783, -0.52785855531693, -0.11049818992615, 0.87721711397171, -0.52704215049744, 0.35930415987968, 0.841517329216, -0.64321535825729, 0.44490957260132, 0.88326513767242, -0.70735931396484, 0.45648062229156, 0.90650397539139, -0.72100085020065, 0.44487142562866, 0.93751209974289, -0.72386455535889, 0.41845652461052, 0.95739233493805, -0.72239446640015
-0.09986042231321, 0.05272149667144, -0.11409043520689, 0.6517214179039, 0.38073265552521, -0.75962257385254, 0.25180703401566, 0.05901658535004, -0.26992240548134, 0.11089891195297, 1.5085723400116, -0.44813692569733, -1.00340247154236, -0.14409597218037, 0.18967507779598, -0.20246022939682, 0.87667232751846, -0.39756536483765, -0.55778592824936, -2.60303378105164, -3.05828857421875, 0.26620870828629, 0.91152125597, -0.71999430656433, 1.20222330093384, -0.22248989343643, 2.87788414955139, -0.1019921451807, 0.78094696998596, -0.40933457016945, -0.04832534492016, 0.84552758932114, -0.4876597225666, -0.0506719648838, 0.86267179250717, -0.51133662462234, -0.07773575186729, 0.87262439727783, -0.52785855531693, -0.11049818992615, 0.87721711397171, -0.52704215049744, 0.35867974162102, 0.8402487039566, -0.64406663179398, 0.44455152750015, 0.88155698776245, -0.7081390619278, 0.45628976821899, 0.90475285053253, -0.72171074151993, 0.44491696357727, 0.93585884571075, -0.72445869445801, 0.41865682601929, 0.95593637228012, -0.72289854288101
-0.09617685526609, 0.05314349755645, -0.12915372848511, 0.62595528364182, 0.36812219023705, -0.71377509832382, 0.251080930233, 0.0588064789772, -0.27070555090904, 0.11117732524872, 1.50841784477234, -0.44873660802841, -1.00392413139343, -0.14225107431412, 0.18866254389286, -0.20246022939682, 0.87667232751846, -0.39756536483765, -0.55778592824936, -2.60303378105164, -3.05828857421875, 0.26606351137161, 0.91121530532837, -0.72066777944565, 1.20395421981812, -0.24208326637745, 2.85581731796265, -0.1019921451807, 0.78094696998596, -0.40933457016945, -0.04832534492016, 0.84552758932114, -0.4876597225666, -0.0506719648838, 0.86267179250717, -0.51133662462234, -0.07773575186729, 0.87262439727783, -0.52785855531693, -0.11049818992615, 0.87721711397171, -0.52704215049744, 0.35808500647545, 0.83900147676468, -0.64508402347565, 0.44419378042221, 0.87990510463715, -0.70909804105759, 0.45608818531036, 0.9030619263649, -0.72260016202927, 0.44494074583054, 0.93425983190536, -0.72522753477097, 0.41882985830307, 0.95452338457108, -0.72357046604156
-0.08713244646788, -0.02521276287735, -0.09397744387388, 0.4064462184906, 0.09750723838806, -0.91360235214233, 0.2503824532032, 0.05858516693115, -0.27163276076317, 0.11140382289886, 1.50825965404511, -0.44934988021851, -1.0040922164917, -0.14082695543766, 0.18771104514599, -0.20246022939682, 0.87667232751846, -0.39756536483765, -0.55778592824936, -2.60303378105164, -3.05828857421875, 0.26592046022415, 0.91089206933975, -0.72149753570557, 1.20569610595703, -0.26082652807236, 2.83450150489807, -0.1019921451807, 0.78094696998596, -0.40933457016945, -0.04832534492016, 0.84552758932114, -0.4876597225666, -0.0506719648838, 0.86267179250717, -0.51133662462234, -0.07773575186729, 0.87262439727783, -0.52785855531693, -0.11049818992615, 0.87721711397171, -0.52704215049744, 0.35752406716347, 0.83776938915253, -0.64628094434738, 0.44384172558784, 0.87830281257629, -0.71024906635284, 0.45588141679764, 0.90142470598221, -0.72368210554123, 0.44494825601578, 0.93270862102509, -0.72618466615677, 0.41898095607758, 0.95314711332321, -0.72442436218262
-0.08381723612547, -0.02655744366348, -0.11126517504454, 0.42207428812981, 0.11989890784025, -0.88071596622467, 0.24971583485603, 0.05834496021271, -0.27271857857704, 0.11180287599564, 1.50819528102875, -0.44993752241135, -1.00440502166748, -0.13930749893188, 0.18700487911701, -0.20246022939682, 0.87667232751846, -0.39756536483765, -0.55778592824936, -2.60303378105164, -3.05828857421875, 0.2657818198204, 0.91056054830551, -0.72247123718262, 1.2074179649353, -0.27837255597115, 2.81435203552246, -0.1019921451807, 0.78094696998596, -0.40933457016945, -0.04832534492016, 0.84552758932114, -0.4876597225666, -0.0506719648838, 0.86267179250717, -0.51133662462234, -0.07773575186729, 0.87262439727783, -0.52785855531693, -0.11049818992615, 0.87721711397171, -0.52704215049744, 0.35700643062592, 0.83657944202423, -0.64763444662094, 0.44350290298462, 0.87678301334381, -0.71156913042068, 0.45567470788956, 0.89987456798553, -0.72493517398834, 0.44494080543518, 0.93123716115952, -0.72731196880341, 0.41910833120346, 0.95183646678925, -0.72544527053833
-0.07999419420958, -0.02882480435073, -0.13029813766479, 0.4313168823719, 0.13959930837154, -0.8371656537056, 0.24909260869026, 0.05809289216995, -0.27394440770149, 0.11216431856155, 1.50810420513153, -0.45049911737442, -1.0043613910675, -0.13759547472, 0.18586447834969, -0.20246022939682, 0.87667232751846, -0.39756536483765, -0.55778592824936, -2.60303378105164, -3.05828857421875, 0.26642239093781, 0.9077827334404, -0.72416818141937, 1.20010578632355, -0.26059213280678, 2.83736729621887, -0.1019921451807, 0.78094696998596, -0.40933457016945, -0.04832534492016, 0.84552758932114, -0.4876597225666, -0.0506719648838, 0.86267179250717, -0.51133662462234, -0.07773575186729, 0.87262439727783, -0.52785855531693, -0.11049818992615, 0.87721711397171, -0.52704215049744, 0.3578092455864, 0.83504742383957, -0.64831507205963, 0.44430094957352, 0.87517982721329, -0.71230095624924, 0.45638382434845, 0.89821988344193, -0.72583538293839, 0.44547092914581, 0.92949390411377, -0.7285418510437, 0.41950863599777, 0.9499534368515, -0.72696077823639
-0.074787132442, -0.03024816326797, -0.14709948003292, 0.42717522382736, 0.15324151515961, -0.77291280031204, 0.25016456842422, 0.05528724193573, -0.27499517798424, 0.11250764131546, 1.50806891918182, -0.45105069875717, -1.00444436073303, -0.13564471900463, 0.18444038927555, -0.20246022939682, 0.87667232751846, -0.39756536483765, -0.55778592824936, -2.60303378105164, -3.05828857421875, 0.26687580347061, 0.90526747703552, -0.72612655162811, 1.19538962841034, -0.25087690353394, 2.85019588470459, -0.1019921451807, 0.78094696998596, -0.40933457016945, -0.04832534492016, 0.84552758932114, -0.4876597225666, -0.0506719648838, 0.86267179250717, -0.51133662462234, -0.07773575186729, 0.87262439727783, -0.52785855531693, -0.11049818992615, 0.87721711397171, -0.52704215049744, 0.35833370685577, 0.83327424526215, -0.649653673172, 0.44483467936516, 0.8733269572258, -0.71367692947388, 0.45687121152878, 0.896329164505, -0.72731673717499, 0.44586050510406, 0.92755049467087, -0.73022717237473, 0.41982686519623, 0.94793200492859, -0.72882145643234
0.12863516807556, -0.33667799830437, -0.12609243392944, -1.10718870162964, -0.44342508912086, 0.7168145775795, 0.25085437297821, 0.05276554822922, -0.27655008435249, 0.11286109685898, 1.50804376602173, -0.45152503252029, -1.00415992736816, -0.13417957723141, 0.18326681852341, -0.20246022939682, 0.87667232751846, -0.39756536483765, -0.55778592824936, -2.60303378105164, -3.05828857421875, 0.26717984676361, 0.90311443805695, -0.7281322479248, 1.19248366355896, -0.24618531763554, 2.85658740997314, -0.1019921451807, 0.78094696998596, -0.40933457016945, -0.04832534492016, 0.84552758932114, -0.4876597225666, -0.0506719648838, 0.86267179250717, -0.51133662462234, -0.07773575186729, 0.87262439727783, -0.52785855531693, -0.11049818992615, 0.87721711397171, -0.52704215049744, 0.35865426063538, 0.83152461051941, -0.65130114555359, 0.445172727108, 0.87149524688721, -0.71535205841064, 0.45719036459923, 0.89446985721588, -0.72905480861664, 0.44613456726074, 0.92566388845444, -0.73208504915237, 0.42006734013557, 0.94600921869278, -0.73078107833862
0.08277653902769, -0.30260321497917, -0.18658874928951, -0.67958509922028, -0.26389762759209, 0.3939074575901, 0.2512674331665, 0.05061656236649, -0.2783160507679, 0.11310738325119, 1.50799071788788, -0.45194417238235, -1.00396037101746, -0.13286016881466, 0.18169352412224, -0.20246022939682, 0.87667232751846, -0.39756536483765, -0.55778592824936, -2.60303378105164, -3.05828857421875, 0.26737636327744, 0.90131437778473, -0.73006951808929, 1.19069957733154, -0.24440024793148, 2.85921883583069, -0.1019921451807, 0.78094696998596, -0.40933457016945, -0.04832534492016, 0.84552758932114, -0.4876597225666, -0.0506719648838, 0.86267179250717, -0.51133662462234, -0.07773575186729, 0.87262439727783, -0.52785855531693, -0.11049818992615, 0.87721711397171, -0.52704215049744, 0.35883662104607, 0.82992267608643, -0.65303748846054, 0.44537690281868, 0.86981165409088, -0.71710979938507, 0.45739185810089, 0.89276540279388, -0.73084986209869, 0.44632211327553, 0.92394769191742, -0.73394870758057, 0.4202436208725, 0.94428223371506, -0.7327019572258
0.04956721886992, -0.25787830352783, -0.21191595494747, -0.41567802429199, -0.1533849388361, 0.19271138310432, 0.2514973282814, 0.04882556200027, -0.28011336922646, 0.11340641975403, 1.50797212123871, -0.45232349634171, -1.00411295890808, -0.13120812177658, 0.17999450862408, -0.20246022939682, 0.87667232751846, -0.39756536483765, -0.55778592824936, -2.60303378105164, -3.05828857421875, 0.26717442274094, 0.90031355619431, -0.73019349575043, 1.17882633209229, -0.24679365754128, 2.86199808120728, -0.1019921451807, 0.78094696998596, -0.40933457016945, -0.04832534492016, 0.84552758932114, -0.4876597225666, -0.0506719648838, 0.86267179250717, -0.51133662462234, -0.07773575186729, 0.87262439727783, -0.52785855531693, -0.11049818992615, 0.87721711397171, -0.52704215049744, 0.3581158220768, 0.82966554164886, -0.65187233686447, 0.44504833221436, 0.86863768100739, -0.71597796678543, 0.45717480778694, 0.8914058804512, -0.72992712259293, 0.44617986679077, 0.92256987094879, -0.73344779014587, 0.42013424634933, 0.94296568632126, -0.73257023096085
0.0275874119252, -0.21492002904415, -0.21567820012569, -0.2156917899847, -0.07235690206289, 0.05633090808988, 0.25110653042793, 0.04796320199966, -0.27941718697548, 0.11366617679596, 1.5079482793808, -0.45264381170273, -1.0041788816452, -0.13061274588108, 0.17925001680851, -0.20246022939682, 0.87667232751846, -0.39756536483765, -0.55778592824936, -2.60303378105164, -3.05828857421875, 0.26696264743805, 0.89955645799637, -0.73052388429642, 1.17078602313995, -0.24944087862968, 2.86266565322876, -0.1019921451807, 0.78094696998596, -0.40933457016945, -0.04832534492016, 0.84552758932114, -0.4876597225666, -0.0506719648838, 0.86267179250717, -0.51133662462234, -0.07773575186729, 0.87262439727783, -0.52785855531693, -0.11049818992615, 0.87721711397171, -0.52704215049744, 0.35752558708191, 0.82937061786652, -0.65135329961777, 0.44473397731781, 0.86768883466721, -0.71547842025757, 0.4569453895092, 0.89032584428787, -0.72956627607346, 0.44601613283157, 0.92148000001907, -0.73336750268936, 0.42000329494476, 0.94192665815353, -0.73273533582687
-0.04689573869109, -0.10348319262266, 0.08354186266661, -1.4310827255249, -0.6020382642746, -0.21855254471302, 0.25073084235191, 0.04731178283691, -0.27920082211494, 0.11396467685699, 1.50800251960754, -0.45290017127991, -1.0046112537384, -0.12997230887413, 0.17845620214939, -0.20246022939682, 0.87667232751846, -0.39756536483765, -0.55778592824936, -2.60303378105164, -3.05828857421875, 0.26674592494965, 0.89895451068878, -0.73099881410599, 1.16528189182281, -0.25212916731834, 2.86207437515259, -0.1019921451807, 0.78094696998596, -0.40933457016945, -0.04832534492016, 0.84552758932114, -0.4876597225666, -0.0506719648838, 0.86267179250717, -0.51133662462234, -0.07773575186729, 0.87262439727783, -0.52785855531693, -0.11049818992615, 0.87721711397171, -0.52704215049744, 0.35702714323997, 0.8290439248085, -0.65126490592957, 0.44443362951279, 0.86688500642776, -0.71540361642838, 0.45671126246452, 0.88942801952362, -0.72958439588547, 0.4458399116993, 0.920578956604, -0.73357325792313, 0.41985839605331, 0.94106984138489, -0.73310482501984
-0.04508256539702, -0.07817029207945, 0.02596378140152, -0.94277840852737, -0.39155465364456, -0.20676331222057, 0.25037071108818, 0.04679042100906, -0.27930882573128, 0.11425924301147, 1.50809395313263, -0.45318174362183, -1.00505352020264, -0.12948730587959, 0.17790266871452, -0.20246022939682, 0.87667232751846, -0.39756536483765, -0.55778592824936, -2.60303378105164, -3.05828857421875, 0.2665302157402, 0.89843875169754, -0.7315793633461, 1.16130471229553, -0.25479739904404, 2.86077427864075, -0.1019921451807, 0.78094696998596, -0.40933457016945, -0.04832534492016, 0.84552758932114, -0.4876597225666, -0.0506719648838, 0.86267179250717, -0.51133662462234, -0.07773575186729, 0.87262439727783, -0.52785855531693, -0.11049818992615, 0.87721711397171, -0.52704215049744, 0.3565890789032, 0.82869064807892, -0.65145266056061, 0.44414645433426, 0.86616218090057, -0.71560251712799, 0.45647874474525, 0.88863390684128, -0.72984886169434, 0.44565999507904, 0.91978597640991, -0.73396968841553, 0.41970857977867, 0.94031727313995, -0.7336158156395
-0.04321574792266, -0.06256341934204, -0.01296043302864, -0.63171917200089, -0.25688117742538, -0.19023911654949, 0.25002536177635, 0.04633897542953, -0.27963039278984, 0.11456376314163, 1.50820255279541, -0.45345604419708, -1.00515270233154, -0.12898513674736, 0.17712335288525, -0.20246022939682, 0.87667232751846, -0.39756536483765, -0.55778592824936, -2.60303378105164, -3.05828857421875, 0.26733094453812, 0.89959716796875, -0.73124355077744, 1.16420042514801, -0.28074666857719, 2.84459948539734, -0.1019921451807, 0.78094696998596, -0.40933457016945, -0.04832534492016, 0.84552758932114, -0.4876597225666, -0.0506719648838, 0.86267179250717, -0.51133662462234, -0.07773575186729, 0.87262439727783, -0.52785855531693, -0.11049818992615, 0.87721711397171, -0.52704215049744, 0.356115847826, 0.82900273799896, -0.65043914318085, 0.44458183646202, 0.86628246307373, -0.71344399452209, 0.45719280838966, 0.88874995708466, -0.72745102643967, 0.4465888440609, 0.91997861862183, -0.73155069351196, 0.42074632644653, 0.94064915180206, -0.73139184713364
-0.04144191369414, -0.05417346581817, -0.0385880433023, -0.43307811021805, -0.17165048420429, -0.17371207475662, 0.25029647350311, 0.04754102230072, -0.27982237935066, 0.11488670110703, 1.50831878185272, -0.45373886823654, -1.00442612171173, -0.12798181176186, 0.17592799663544, -0.20246022939682, 0.87667232751846, -0.39756536483765, -0.55778592824936, -2.60303378105164, -3.05828857421875, 0.26785844564438, 0.90026712417603, -0.73111408948898, 1.16558170318604, -0.30004727840424, 2.83223819732666, -0.1019921451807, 0.78094696998596, -0.40933457016945, -0.04832534492016, 0.84552758932114, -0.4876597225666, -0.0506719648838, 0.86267179250717, -0.51133662462234, -0.07773575186729, 0.87262439727783, -0.52785855531693, -0.11049818992615, 0.87721711397171, -0.52704215049744, 0.35569593310356, 0.82907408475876, -0.64980101585388, 0.44481834769249, 0.86614400148392, -0.71199941635132, 0.45763608813286, 0.88859498500824, -0.72584426403046, 0.44719851016998, 0.91987979412079, -0.72994250059128, 0.42144402861595, 0.94066059589386, -0.72993218898773
-0.02980971336365, -0.10266208648682, -0.03154420852661, -0.7344274520874, -0.29965388774872, -0.14689180254936, 0.25029647350311, 0.04754102230072, -0.27982237935066, 0.11526036262512, 1.50847256183624, -0.4540718793869, -1.00341022014618, -0.12713767588139, 0.1747005879879, -0.20246022939682, 0.87667232751846, -0.39756536483765, -0.55778592824936, -2.60303378105164, -3.05828857421875, 0.26821309328079, 0.90073490142822, -0.73103189468384, 1.16597104072571, -0.31369733810425, 2.82326722145081, -0.1019921451807, 0.78094696998596, -0.40933457016945, -0.04832534492016, 0.84552758932114, -0.4876597225666, -0.0506719648838, 0.86267179250717, -0.51133662462234, -0.07773575186729, 0.87262439727783, -0.52785855531693, -0.11049818992615, 0.87721711397171, -0.52704215049744, 0.35537788271904, 0.82914006710052, -0.64934861660004, 0.44495522975922, 0.8660084605217, -0.71101087331772, 0.45792055130005, 0.88843739032745, -0.72475379705429, 0.44760692119598, 0.91976183652878, -0.7288630604744, 0.42192041873932, 0.94062632322311, -0.72896176576614
-0.02978487126529, -0.18424320220947, -0.03151792287827, -0.73381543159485, -0.29940417408943, -0.14676938951015, 0.25004827976227, 0.04600566625595, -0.28008505702019, 0.11580872535706, 1.50864768028259, -0.45440471172333, -1.00174701213837, -0.12555955350399, 0.17316818237305, -0.20246022939682, 0.87667232751846, -0.39756536483765, -0.55778592824936, -2.60303378105164, -3.05828857421875, 0.26850879192352, 0.90120303630829, -0.73094725608826, 1.16582918167114, -0.32422867417336, 2.81618475914001, -0.1019921451807, 0.78094696998596, -0.40933457016945, -0.04832534492016, 0.84552758932114, -0.4876597225666, -0.0506719648838, 0.86267179250717, -0.51133662462234, -0.07773575186729, 0.87262439727783, -0.52785855531693, -0.11049818992615, 0.87721711397171, -0.52704215049744, 0.35515123605728, 0.82931351661682, -0.64896762371063, 0.44507485628128, 0.86598569154739, -0.71024173498154, 0.45815566182137, 0.88838964700699, -0.72391563653946, 0.44794303178787, 0.91974484920502, -0.72804296016693, 0.42231339216232, 0.94067853689194, -0.72822940349579
-0.02976004965603, -0.26575633883476, -0.03149165958166, -0.7332039475441, -0.2991546690464, -0.14664708077908, 0.24980027973652, 0.04379105567932, -0.28034749627113, 0.11634433269501, 1.50879085063934, -0.45468306541443, -0.99952805042267, -0.12447740882635, 0.17199616134167, -0.20246022939682, 0.87667232751846, -0.39756536483765, -0.55778592824936, -2.60303378105164, -3.05828857421875, 0.26907640695572, 0.90047997236252, -0.73080289363861, 1.15946173667908, -0.33083817362785, 2.81004118919373, -0.1019921451807, 0.78094696998596, -0.40933457016945, -0.04832534492016, 0.84552758932114, -0.4876597225666, -0.0506719648838, 0.86267179250717, -0.51133662462234, -0.07773575186729, 0.87262439727783, -0.52785855531693, -0.11049818992615, 0.87721711397171, -0.52704215049744, 0.35532596707344, 0.82864493131638, -0.64836245775223, 0.44546735286713, 0.86460316181183, -0.70973962545395, 0.45865881443024, 0.8868779540062, -0.72351795434952, 0.4485869705677, 0.91825515031815, -0.72781962156296, 0.42304903268814, 0.93929904699326, -0.72814100980759
-0.02973525039852, -0.34720155596733, -0.03146541491151, -0.73259294033051, -0.29890537261963, -0.14652487635612, 0.24955248832703, 0.04089772701263, -0.2806096971035, 0.11687916517258, 1.50895285606384, -0.45491194725037, -0.99750685691833, -0.12377752363682, 0.17072384059429, -0.20246022939682, 0.87667232751846, -0.39756536483765, -0.55778592824936, -2.60303378105164, -3.05828857421875, 0.26990735530853, 0.89968168735504, -0.7307870388031, 1.15464878082275, -0.33712434768677, 2.80456137657166, -0.1019921451807, 0.78094696998596, -0.40933457016945, -0.04832534492016, 0.84552758932114, -0.4876597225666, -0.0506719648838, 0.86267179250717, -0.51133662462234, -0.07773575186729, 0.87262439727783, -0.52785855531693, -0.11049818992615, 0.87721711397171, -0.52704215049744, 0.35578924417496, 0.82784777879715, -0.64796268939972, 0.4461390376091, 0.86324101686478, -0.70936179161072, 0.45942932367325, 0.88541448116302, -0.72320836782455, 0.44947785139084, 0.91681164503098, -0.72764277458191, 0.4240175485611, 0.93794739246368, -0.72807717323303
-0.0297104716301, -0.42857891321182, -0.0314391925931, -0.73198246955872, -0.29865628480911, -0.1464027762413, 0.24930490553379, 0.03732621669769, -0.28087171912193, 0.11735075712204, 1.50916934013367, -0.45499992370605, -0.9955843091011, -0.12334872037172, 0.16924220323563, -0.20246022939682, 0.87667232751846, -0.39756536483765, -0.55778592824936, -2.60303378105164, -3.05828857421875, 0.27091774344444, 0.89881110191345, -0.73090422153473, 1.15085601806641, -0.34314826130867, 2.79954957962036, -0.1019921451807, 0.78094696998596, -0.40933457016945, -0.04832534492016, 0.84552758932114, -0.4876597225666, -0.0506719648838, 0.86267179250717, -0.51133662462234, -0.07773575186729, 0.87262439727783, -0.52785855531693, -0.11049818992615, 0.87721711397171, -0.52704215049744, 0.35645106434822, 0.82694470882416, -0.64774799346924, 0.44700139760971, 0.86187225580215, -0.70911836624146, 0.46038219332695, 0.88396310806274, -0.72300976514816, 0.45053720474243, 0.91537874937057, -0.72754943370819, 0.42514503002167, 0.93659400939941, -0.72808188199997
-0.02968571335077, -0.50988841056824, -0.03141299262643, -0.73137247562408, -0.29840740561485, -0.14628078043461, 0.24905753135681, 0.03307712078094, -0.28113350272179, 0.11772108078003, 1.50945425033569, -0.45504021644592, -0.99425041675568, -0.12356790155172, 0.1680993437767, -0.20246022939682, 0.87667232751846, -0.39756536483765, -0.55778592824936, -2.60303378105164, -3.05828857421875, 0.27200645208359, 0.8979012966156, -0.73114269971848, 1.14769148826599, -0.34901750087738, 2.79482460021973, -0.1019921451807, 0.78094696998596, -0.40933457016945, -0.04832534492016, 0.84552758932114, -0.4876597225666, -0.0506719648838, 0.86267179250717, -0.51133662462234, -0.07773575186729, 0.87262439727783, -0.52785855531693, -0.11049818992615, 0.87721711397171, -0.52704215049744, 0.35720211267471, 0.8259813785553, -0.64768660068512, 0.44794845581055, 0.86050432920456, -0.70899641513824, 0.46141466498375, 0.88252413272858, -0.7229180932045, 0.45166766643524, 0.91395747661591, -0.72754597663879, 0.42633783817291, 0.93524473905563, -0.72816723585129
-0.12190547585487, -0.37764084339142, -0.12545393407345, -1.98250997066498, 0.04844134673476, 1.86795878410339, 0.24804165959358, 0.02993011474609, -0.28217896819115, 0.11808258295059, 1.50977635383606, -0.45500290393829, -0.99334734678268, -0.12462667375803, 0.16733650863171, -0.20246022939682, 0.87667232751846, -0.39756536483765, -0.55778592824936, -2.60303378105164, -3.05828857421875, 0.27293196320534, 0.89742058515549, -0.73158061504364, 1.15065824985504, -0.35777476429939, 2.78828811645508, -0.1019921451807, 0.78094696998596, -0.40933457016945, -0.04832534492016, 0.84552758932114, -0.4876597225666, -0.0506719648838, 0.86267179250717, -0.51133662462234, -0.07773575186729, 0.87262439727783, -0.52785855531693, -0.11049818992615, 0.87721711397171, -0.52704215049744, 0.35778757929802, 0.82506513595581, -0.6481546163559, 0.44875586032867, 0.85968005657196, -0.70908236503601, 0.46229350566864, 0.88173115253448, -0.72288459539413, 0.4526059627533, 0.91319596767426, -0.72742295265198, 0.4273094534874, 0.93452304601669, -0.72803592681885
-0.20793887972832, -0.28564178943634, -0.2009389102459, -3.22227931022644, 0.04499442502856, 3.27320122718811, 0.24630883336067, 0.02754974365234, -0.28385344147682, 0.11847668886185, 1.51010072231293, -0.45490735769272, -0.99241679906845, -0.12561298906803, 0.16715943813324, -0.20246022939682, 0.87667232751846, -0.39756536483765, -0.55778592824936, -2.60303378105164, -3.05828857421875, 0.27377608418465, 0.89687132835388, -0.732028901577, 1.15223240852356, -0.36543816328049, 2.78254199028015, -0.1019921451807, 0.78094696998596, -0.40933457016945, -0.04832534492016, 0.84552758932114, -0.4876597225666, -0.0506719648838, 0.86267179250717, -0.51133662462234, -0.07773575186729, 0.87262439727783, -0.52785855531693, -0.11049818992615, 0.87721711397171, -0.52704215049744, 0.35831183195114, 0.82418572902679, -0.64856517314911, 0.4494833946228, 0.85879188776016, -0.70919340848923, 0.46309021115303, 0.88085252046585, -0.72291213274002, 0.45346492528915, 0.91234344244003, -0.72740137577057, 0.42820474505425, 0.93371319770813, -0.72802627086639
-0.22739395499229, -0.32588943839073, -0.2179359048605, -3.60900974273682, 0.04074681177735, 3.7056884765625, 0.24441388249397, 0.02483397722244, -0.28566959500313, 0.11885732412338, 1.51044166088104, -0.45482987165451, -0.99131518602371, -0.12657272815704, 0.16681019961834, -0.20246022939682, 0.87667232751846, -0.39756536483765, -0.55778592824936, -2.60303378105164, -3.05828857421875, 0.27455186843872, 0.89629459381104, -0.73249536752701, 1.15297424793243, -0.37252488732338, 2.77721691131592, -0.1019921451807, 0.78094696998596, -0.40933457016945, -0.04832534492016, 0.84552758932114, -0.4876597225666, -0.0506719648838, 0.86267179250717, -0.51133662462234, -0.07773575186729, 0.87262439727783, -0.52785855531693, -0.11049818992615, 0.87721711397171, -0.52704215049744, 0.35877478122711, 0.82333850860596, -0.64895141124725, 0.4501411318779, 0.85787397623062, -0.7093260884285, 0.46381697058678, 0.87993091344833, -0.72298210859299, 0.45425674319267, 0.91144520044327, -0.72744631767273, 0.42903542518616, 0.93286007642746, -0.7280957698822
-0.24037176370621, -0.37679332494736, -0.2292008548975, -3.99110674858093, 0.03470981866121, 4.12960767745972, 0.24241077899933, 0.02169400453568, -0.28757962584496, 0.11924773454666, 1.51084303855896, -0.45475041866302, -0.99011009931564, -0.12737157940865, 0.16594704985619, -0.20246022939682, 0.87667232751846, -0.39756536483765, -0.55778592824936, -2.60303378105164, -3.05828857421875, 0.27527007460594, 0.89571046829224, -0.73298025131226, 1.1531800031662, -0.37932282686234, 2.77210545539856, -0.1019921451807, 0.78094696998596, -0.40933457016945, -0.04832534492016, 0.84552758932114, -0.4876597225666, -0.0506719648838, 0.86267179250717, -0.51133662462234, -0.07773575186729, 0.87262439727783, -0.52785855531693, -0.11049818992615, 0.87721711397171, -0.52704215049744, 0.35917985439301, 0.8225189447403, -0.64932721853256, 0.45073825120926, 0.85694235563278, -0.70947462320328, 0.46448391675949, 0.87898683547974, -0.72308039665222, 0.45499157905579, 0.91052305698395, -0.72753483057022, 0.42981141805649, 0.93198525905609, -0.72821748256683
-0.1773410141468, -0.35925871133804, -0.26902443170547, -4.86892032623291, 0.20783871412277, 3.17053055763245, 0.24093294143677, 0.0187001824379, -0.28982147574425, 0.1196420788765, 1.51123070716858, -0.45464777946472, -0.9885168671608, -0.12879244983196, 0.16585755348206, -0.20246022939682, 0.87667232751846, -0.39756536483765, -0.55778592824936, -2.60303378105164, -3.05828857421875, 0.27548858523369, 0.89585757255554, -0.73346751928329, 1.16376006603241, -0.36352595686913, 2.78480935096741, -0.1019921451807, 0.78094696998596, -0.40933457016945, -0.04832534492016, 0.84552758932114, -0.4876597225666, -0.0506719648838, 0.86267179250717, -0.51133662462234, -0.07773575186729, 0.87262439727783, -0.52785855531693, -0.11049818992615, 0.87721711397171, -0.52704215049744, 0.36037224531174, 0.82272410392761, -0.65075147151947, 0.45137944817543, 0.85841327905655, -0.71099752187729, 0.46487861871719, 0.88068324327469, -0.72448247671127, 0.45509791374207, 0.91217124462128, -0.72864437103271, 0.42973211407661, 0.93342083692551, -0.72905081510544
-0.07509399950504, -0.18499487638474, -0.32853358983994, -6.45176792144775, -0.08022955060005, 1.49608373641968, 0.24030715227127, 0.01715856790543, -0.29255923628807, 0.12005281448364, 1.51166534423828, -0.45448583364487, -0.98664087057114, -0.12988744676113, 0.16541835665703, -0.20246022939682, 0.87667232751846, -0.39756536483765, -0.55778592824936, -2.60303378105164, -3.05828857421875, 0.27570921182632, 0.89593291282654, -0.7339380979538, 1.17227637767792, -0.35132956504822, 2.79479956626892, -0.1019921451807, 0.78094696998596, -0.40933457016945, -0.04832534492016, 0.84552758932114, -0.4876597225666, -0.0506719648838, 0.86267179250717, -0.51133662462234, -0.07773575186729, 0.87262439727783, -0.52785855531693, -0.11049818992615, 0.87721711397171, -0.52704215049744, 0.36132645606995, 0.82282203435898, -0.65196144580841, 0.45191192626953, 0.85951310396194, -0.71224123239517, 0.46522212028503, 0.88196092844009, -0.72561872005463, 0.45521998405457, 0.91340982913971, -0.72954297065735, 0.42971262335777, 0.93449234962463, -0.72973310947418
