lv_x, lv_y, lv_z, av_x, av_y, av_z, pos_x, pos_y, pos_z,imu_pos_x, imu_pos_y, imu_pos_z, imu_rot_x, imu_rot_y, imu_rot_z,lh_pos_x, lh_pos_y, lh_pos_z, lh_rot_x, lh_rot_y, lh_rot_z,rh_pos_x, rh_pos_y, rh_pos_z, rh_rot_x, rh_rot_y, rh_rot_z,lh_thumb_x, lh_thumb_y, lh_thumb_z,lh_index_x, lh_index_y, lh_index_z,lh_middle_x, lh_middle_y, lh_middle_z,lh_ring_x, lh_ring_y, lh_ring_z,lh_little_x, lh_little_y, lh_little_z,rh_thumb_x, rh_thumb_y, rh_thumb_z,rh_index_x, rh_index_y, rh_index_z,rh_middle_x, rh_middle_y, rh_middle_z,rh_ring_x, rh_ring_y, rh_ring_z,rh_little_x, rh_little_y, rh_little_z
-0.05217790231109, -1.85299861431122, 2.47674703598022, -6.44676399230957, 28.7371292114258, 27.5560092926025, -0.8142694234848, 0.68799924850464, 0.04182215034962, -0.55703067779541, 1.47716510295868, 0.09478259086609, -0.96560245752335, 1.40672290325165, 0.00929800979793, 0, 0, 0, 0, 0, 0, -0.73790466785431, 0.77553433179855, 0.00188779830933, 0.39274096488953, 0.06663006544113, 2.44655895233154, 0.09689636528492, 0.05140437930822, -0.08581595867872, 0.18003033101559, 0.01057344861329, -0.01793964579701, 0.18986248970032, 0.00659136381, 0.00940074026585, 0.17568831145763, 0.01420776173472, 0.03847927600145, 0.14762869477272, 0.02119366824627, 0.05457248166203, -0.62609994411469, 0.72183603048325, 0.06522719562054, -0.59481352567673, 0.66965544223785, -0.03215845674276, -0.59174358844757, 0.67147654294968, -0.06126655638218, -0.59914714097977, 0.69639599323273, -0.08197130262852, -0.61658132076263, 0.7241136431694, -0.08675821870565
-0.21165131032467, -0.17434357106686, 0.10022877901793, 0.12231266498566, 0.10835237801075, 0.02772731520236, -0.8142694234848, 0.68799924850464, 0.04182215034962, -0.55702137947083, 1.4779886007309, 0.09549272060394, -0.96492552757263, 1.40454936027527, 0.00919901393354, 0, 0, 0, 0, 0, 0, -0.739990234375, 0.77418631315231, 0.00318908691406, 0.39886739850044, 0.07269156724215, 2.44197058677673, 0.09689636528492, 0.05140437930822, -0.08581595867872, 0.18003033101559, 0.01057344861329, -0.01793964579701, 0.18986248970032, 0.00659136381, 0.00940074026585, 0.17568831145763, 0.01420776173472, 0.03847927600145, 0.14762869477272, 0.02119366824627, 0.05457248166203, -0.62794595956802, 0.71960264444351, 0.0653371065855, -0.59766590595245, 0.66784697771072, -0.03259187936783, -0.59481507539749, 0.66982364654541, -0.06171211600304, -0.60226368904114, 0.69489747285843, -0.08221330493689, -0.61960512399673, 0.7227229475975, -0.08670252561569
-0.23875950276852, -0.15134809911251, 0.49941655993462, 0.45064091682434, 0.72738128900528, -0.12753497064114, -0.81637012958527, 0.68672239780426, 0.04549410566688, -0.55674684047699, 1.47962379455566, 0.09716832637787, -0.96383559703827, 1.40035676956177, 0.00985810905695, 0, 0, 0, 0, 0, 0, -0.745481133461, 0.77745795249939, 0.01223111152649, 0.47791841626167, 0.22924248874187, 2.42585396766663, 0.09689636528492, 0.05140437930822, -0.08581595867872, 0.18003033101559, 0.01057344861329, -0.01793964579701, 0.18986248970032, 0.00659136381, 0.00940074026585, 0.17568831145763, 0.01420776173472, 0.03847927600145, 0.14762869477272, 0.02119366824627, 0.05457248166203, -0.62670254707336, 0.71597546339035, 0.0510540753603, -0.61431896686554, 0.67139649391174, -0.05404102802277, -0.61614328622818, 0.67557430267334, -0.08301067352295, -0.62598717212677, 0.7023104429245, -0.10012067109346, -0.64291512966156, 0.73074221611023, -0.09965907037258
-0.15155552327633, -0.09462117403746, 0.32835868000984, 0.35876908898354, 0.56542319059372, -0.10780350118876, -0.81772577762604, 0.68591976165771, 0.04784795641899, -0.55611109733582, 1.48140549659729, 0.09904634952545, -0.96341341733932, 1.39599215984344, 0.0126023972407, 0, 0, 0, 0, 0, 0, -0.74902713298798, 0.77865362167358, 0.01769411563873, 0.51747608184814, 0.30056482553482, 2.42123770713806, 0.09689636528492, 0.05140437930822, -0.08581595867872, 0.18003033101559, 0.01057344861329, -0.01793964579701, 0.18986248970032, 0.00659136381, 0.00940074026585, 0.17568831145763, 0.01420776173472, 0.03847927600145, 0.14762869477272, 0.02119366824627, 0.05457248166203, -0.62870132923126, 0.71422815322876, 0.04538436233997, -0.62473833560944, 0.67347687482834, -0.06189678609371, -0.6286119222641, 0.67876428365707, -0.0904810577631, -0.63926243782043, 0.70624971389771, -0.10583022981882, -0.65566504001617, 0.73485988378525, -0.10308329761028
0.03645658120513, -0.12004136294127, 0.85176491737366, 1.63918697834015, 2.77018332481384, -0.55662751197815, -0.81791031360626, 0.68484663963318, 0.05314627289772, -0.55521953105927, 1.48317313194275, 0.10117745399475, -0.96235126256943, 1.3901458978653, 0.0165579020977, 0, 0, 0, 0, 0, 0, -0.75157451629639, 0.78225648403168, 0.02392852306366, 0.63550305366516, 0.49518352746964, 2.4288330078125, 0.09689636528492, 0.05140437930822, -0.08581595867872, 0.18003033101559, 0.01057344861329, -0.01793964579701, 0.18986248970032, 0.00659136381, 0.00940074026585, 0.17568831145763, 0.01420776173472, 0.03847927600145, 0.14762869477272, 0.02119366824627, 0.05457248166203, -0.63158023357391, 0.71162301301956, 0.02110490575433, -0.64973723888397, 0.68330270051956, -0.08868536353111, -0.65860229730606, 0.69193267822266, -0.11527399718761, -0.67053604125977, 0.72128981351852, -0.12528513371944, -0.68468332290649, 0.74986255168915, -0.11642019450665
0.00000715255692, -0.00000715255692, -0.00000178813923, 0.04227025806904, 0.06973727047443, -0.01466033235192, -0.81838423013687, 0.68472373485565, 0.05896930396557, -0.55318313837051, 1.48577868938446, 0.10486280918121, -0.96123784780502, 1.37944352626801, 0.02551102079451, 0, 0, 0, 0, 0, 0, -0.74954605102539, 0.78392738103867, 0.02346074581146, 0.49684181809425, 0.31857863068581, 2.3613178730011, 0.09689636528492, 0.05140437930822, -0.08581595867872, 0.18003033101559, 0.01057344861329, -0.01793964579701, 0.18986248970032, 0.00659136381, 0.00940074026585, 0.17568831145763, 0.01420776173472, 0.03847927600145, 0.14762869477272, 0.02119366824627, 0.05457248166203, -0.63089609146118, 0.7152174115181, 0.04789046570659, -0.63381546735764, 0.67064839601517, -0.05789561569691, -0.63882279396057, 0.67511188983917, -0.08644427359104, -0.64901131391525, 0.70249646902084, -0.10227964818478, -0.66402620077133, 0.73188459873199, -0.09982535243034
0.10874747484922, 0.07158278673887, 0.70825600624084, 3.20618557929993, 5.4801664352417, -1.2079598903656, -0.82006758451462, 0.68982839584351, 0.0583476126194, -0.55239486694336, 1.48671436309814, 0.10621404647827, -0.96212959289551, 1.37669467926025, 0.02802094258368, 0, 0, 0, 0, 0, 0, -0.74479031562805, 0.78483760356903, 0.01979315280914, 0.34677010774612, 0.14276540279388, 2.34358692169189, 0.09689636528492, 0.05140437930822, -0.08581595867872, 0.18003033101559, 0.01057344861329, -0.01793964579701, 0.18986248970032, 0.00659136381, 0.00940074026585, 0.17568831145763, 0.01420776173472, 0.03847927600145, 0.14762869477272, 0.02119366824627, 0.05457248166203, -0.63153851032257, 0.72417819499969, 0.07355326414108, -0.6163654923439, 0.66445994377136, -0.02334421873093, -0.61652654409409, 0.66451692581177, -0.05266985297203, -0.62406694889069, 0.68894451856613, -0.07390455156565, -0.63945245742798, 0.71789461374283, -0.07841134816408
-0.53194999694824, 0.58326238393784, -2.78694820404053, -25.3922023773193, -28.9342098236084, 3.40120100975037, -0.81962257623672, 0.69475769996643, 0.05627242475748, -0.55144363641739, 1.4875693321228, 0.10772097110748, -0.96218997240067, 1.37388515472412, 0.03105133958161, 0, 0, 0, 0, 0, 0, -0.74001228809357, 0.78644025325775, 0.01702499389648, 0.248430788517, 0.03577207028866, 2.34541320800781, 0.09689636528492, 0.05140437930822, -0.08581595867872, 0.18003033101559, 0.01057344861329, -0.01793964579701, 0.18986248970032, 0.00659136381, 0.00940074026585, 0.17568831145763, 0.01420776173472, 0.03847927600145, 0.14762869477272, 0.02119366824627, 0.05457248166203, -0.63288545608521, 0.73306542634964, 0.08823351562023, -0.60706460475922, 0.66448205709457, -0.00017022714019, -0.60407024621964, 0.66169375181198, -0.02920953184366, -0.60941016674042, 0.6838264465332, -0.05341915041208, -0.62437266111374, 0.71195793151855, -0.06235651671886
0.22381065785885, 0.23170708119869, -2.13216257095337, -17.9965801239014, -20.1855182647705, 2.22827196121216, -0.81786262989044, 0.69915515184402, 0.05397940427065, -0.55051612854004, 1.48841786384583, 0.10932588577271, -0.9627298116684, 1.37140536308289, 0.03432501107454, 0, 0, 0, 0, 0, 0, -0.73593592643738, 0.78811895847321, 0.01500391960144, 0.17903581261635, -0.03716909512877, 2.35142254829407, 0.09689636528492, 0.05140437930822, -0.08581595867872, 0.18003033101559, 0.01057344861329, -0.01793964579701, 0.18986248970032, 0.00659136381, 0.00940074026585, 0.17568831145763, 0.01420776173472, 0.03847927600145, 0.14762869477272, 0.02119366824627, 0.05457248166203, -0.63422030210495, 0.7406912446022, 0.09746740013361, -0.60168349742889, 0.66638392210007, 0.01619385369122, -0.59653186798096, 0.66162145137787, -0.01228073984385, -0.60013097524643, 0.68198335170746, -0.03829837217927, -0.61447966098785, 0.70930367708206, -0.05025018751621
0.49537894129753, 0.15617607533932, -1.42743897438049, -11.7406406402588, -12.8930749893188, 1.26140451431274, -0.8160320520401, 0.70294511318207, 0.05208528786898, -0.54958379268646, 1.48931479454041, 0.11102020740509, -0.96345710754395, 1.36895382404327, 0.03714406490326, 0, 0, 0, 0, 0, 0, -0.72973418235779, 0.79121512174606, 0.01508247852325, 0.09978394955397, -0.10146652162075, 2.36944389343262, 0.09689636528492, 0.05140437930822, -0.08581595867872, 0.18003033101559, 0.01057344861329, -0.01793964579701, 0.18986248970032, 0.00659136381, 0.00940074026585, 0.17568831145763, 0.01420776173472, 0.03847927600145, 0.14762869477272, 0.02119366824627, 0.05457248166203, -0.63333296775818, 0.75204384326935, 0.107646510005, -0.59469962120056, 0.67198717594147, 0.03495531901717, -0.58760237693787, 0.66504669189453, 0.00736038712785, -0.58964228630066, 0.68321251869202, -0.02039419859648, -0.60341835021973, 0.70927476882935, -0.03543134778738
0.49715992808342, 0.1353907585144, -0.98824286460876, -8.32969093322754, -8.90230274200439, 0.69919168949127, -0.81131601333618, 0.70807981491089, 0.05352624878287, -0.54861509799957, 1.49026346206665, 0.11279702186584, -0.96413654088974, 1.36683583259583, 0.03969652950764, 0, 0, 0, 0, 0, 0, -0.72509169578552, 0.7939385175705, 0.01517748832703, 0.04924566298723, -0.14363220334053, 2.38200998306274, 0.09689636528492, 0.05140437930822, -0.08581595867872, 0.18003033101559, 0.01057344861329, -0.01793964579701, 0.18986248970032, 0.00659136381, 0.00940074026585, 0.17568831145763, 0.01420776173472, 0.03847927600145, 0.14762869477272, 0.02119366824627, 0.05457248166203, -0.63258105516434, 0.76029974222183, 0.11369600892067, -0.59043085575104, 0.67689120769501, 0.04697277396917, -0.58211195468903, 0.66859072446823, 0.02010421082377, -0.58304381370544, 0.68528699874878, -0.00861586257815, -0.59629094600677, 0.71043765544891, -0.02555969357491
0.83133453130722, 0.16144035756588, -0.5611726641655, -9.63726329803467, -8.01203727722168, 1.47856092453003, -0.80783021450043, 0.71229529380798, 0.0543401800096, -0.54762268066406, 1.49125337600708, 0.11462998390198, -0.9647404551506, 1.36427783966064, 0.04259147495031, 0, 0, 0, 0, 0, 0, -0.72167134284973, 0.7961562871933, 0.01528680324554, 0.01438999548554, -0.17333561182022, 2.39071035385132, 0.09689636528492, 0.05140437930822, -0.08581595867872, 0.18003033101559, 0.01057344861329, -0.01793964579701, 0.18986248970032, 0.00659136381, 0.00940074026585, 0.17568831145763, 0.01420776173472, 0.03847927600145, 0.14762869477272, 0.02119366824627, 0.05457248166203, -0.63207459449768, 0.76639467477798, 0.11767017096281, -0.58772778511047, 0.68080830574036, 0.05526855587959, -0.57858484983444, 0.67158323526382, 0.02897546812892, -0.57869666814804, 0.68723917007446, -0.00033933669329, -0.59149318933487, 0.7117201089859, -0.01856197789311
0.62594884634018, 0.19241093099117, -0.34508806467056, -6.20342350006104, -5.17106246948242, 0.75138139724731, -0.80533993244171, 0.71566545963287, 0.05485696718097, -0.54659676551819, 1.49222612380981, 0.11657810211182, -0.96512466669083, 1.3614821434021, 0.0460194312036, 0, 0, 0, 0, 0, 0, -0.71905320882797, 0.79795336723328, 0.01543641090393, -0.01451095100492, -0.19835996627808, 2.39783453941345, 0.09689636528492, 0.05140437930822, -0.08581595867872, 0.18003033101559, 0.01057344861329, -0.01793964579701, 0.18986248970032, 0.00659136381, 0.00940074026585, 0.17568831145763, 0.01420776173472, 0.03847927600145, 0.14762869477272, 0.02119366824627, 0.05457248166203, -0.63201004266739, 0.77142703533173, 0.12086655199528, -0.58600425720215, 0.68411594629288, 0.06216510385275, -0.57619392871857, 0.67413282394409, 0.03639464452863, -0.5755917429924, 0.68891113996506, 0.00663365982473, -0.58795952796936, 0.71281415224075, -0.01262293569744
0.46112534403801, 0.18058060109615, -0.22996543347836, -4.29557275772095, -3.59764933586121, 0.37042513489723, -0.80358254909515, 0.7185030579567, 0.05527903139591, -0.54549145698547, 1.49318385124207, 0.11865317821503, -0.96510362625122, 1.3587042093277, 0.04955333843827, 0, 0, 0, 0, 0, 0, -0.71254551410675, 0.80494385957718, 0.01958501338959, -0.05038175731897, -0.20827220380306, 2.40794062614441, 0.09689636528492, 0.05140437930822, -0.08581595867872, 0.18003033101559, 0.01057344861329, -0.01793964579701, 0.18986248970032, 0.00659136381, 0.00940074026585, 0.17568831145763, 0.01420776173472, 0.03847927600145, 0.14762869477272, 0.02119366824627, 0.05457248166203, -0.62645637989044, 0.78259879350662, 0.12675327062607, -0.57967174053192, 0.69329762458801, 0.07177935540676, -0.56958901882172, 0.6823918223381, 0.04649251699448, -0.56873685121536, 0.69605600833893, 0.01620981097221, -0.58097767829895, 0.7191920876503, -0.00403907522559
0.35734888911247, 0.15107630193233, -0.1823548823595, -3.56580829620361, -3.00211381912231, 0.19932350516319, -0.79725801944733, 0.72678977251053, 0.06154614314437, -0.54437428712845, 1.49417424201965, 0.12081265449524, -0.96551412343979, 1.35624289512634, 0.05272316932678, 0, 0, 0, 0, 0, 0, -0.70752739906311, 0.81033378839493, 0.02257025241852, -0.08145489543676, -0.22216159105301, 2.41644668579102, 0.09689636528492, 0.05140437930822, -0.08581595867872, 0.18003033101559, 0.01057344861329, -0.01793964579701, 0.18986248970032, 0.00659136381, 0.00940074026585, 0.17568831145763, 0.01420776173472, 0.03847927600145, 0.14762869477272, 0.02119366824627, 0.05457248166203, -0.62284469604492, 0.79160690307617, 0.13153731822968, -0.5752015709877, 0.7006721496582, 0.08009202778339, -0.56476640701294, 0.68897783756256, 0.05530548095703, -0.56352972984314, 0.70166283845901, 0.02461284399033, -0.5755323767662, 0.72411304712296, 0.0034690760076
0.80905431509018, 0.74744218587875, 0.56178998947144, -4.46060562133789, -1.15013217926025, 0.3180373609066, -0.79267984628677, 0.7334109544754, 0.06589388847351, -0.5432248711586, 1.49520230293274, 0.12312376499176, -0.96615278720856, 1.35455822944641, 0.05510631948709, 0, 0, 0, 0, 0, 0, -0.70368611812592, 0.81444019079208, 0.02474427223206, -0.10983914136887, -0.23858062922955, 2.42430186271667, 0.09689636528492, 0.05140437930822, -0.08581595867872, 0.18003033101559, 0.01057344861329, -0.01793964579701, 0.18986248970032, 0.00659136381, 0.00940074026585, 0.17568831145763, 0.01420776173472, 0.03847927600145, 0.14762869477272, 0.02119366824627, 0.05457248166203, -0.62070572376251, 0.79904103279114, 0.13552695512772, -0.57217979431152, 0.70669776201248, 0.08753138780594, -0.56134670972824, 0.69429385662079, 0.06326597929001, -0.55964028835297, 0.70607256889343, 0.03223650157452, -0.5713301897049, 0.72787487506866, 0.01025609299541
0.63011163473129, 0.57765477895737, 0.34454983472824, -3.86072874069214, -1.59949553012848, 0.19878911972046, -0.78943812847137, 0.73870867490768, 0.06897471100092, -0.54195874929428, 1.49622547626495, 0.12558138370514, -0.9673598408699, 1.35337281227112, 0.05722291022539, 0, 0, 0, 0, 0, 0, -0.70062148571014, 0.81770116090775, 0.02640819549561, -0.13660496473312, -0.25659164786339, 2.43200945854187, 0.09689636528492, 0.05140437930822, -0.08581595867872, 0.18003033101559, 0.01057344861329, -0.01793964579701, 0.18986248970032, 0.00659136381, 0.00940074026585, 0.17568831145763, 0.01420776173472, 0.03847927600145, 0.14762869477272, 0.02119366824627, 0.05457248166203, -0.61953490972519, 0.80547988414764, 0.13897499442101, -0.57013952732086, 0.71189057826996, 0.09440183639526, -0.55888611078262, 0.69882851839066, 0.07067919522524, -0.55665743350983, 0.70974147319794, 0.03936757147312, -0.56798392534256, 0.73091125488281, 0.01659290492535
0.48997160792351, 0.4339527785778, 0.20105658471584, -3.5291919708252, -1.87949967384338, 0.13577105104923, -0.78706914186478, 0.74313533306122, 0.07126058638096, -0.54073691368103, 1.49725592136383, 0.12808680534363, -0.96827226877213, 1.3517484664917, 0.05960544198751, 0, 0, 0, 0, 0, 0, -0.6961954832077, 0.82656222581863, 0.03057467937469, -0.14035473763943, -0.21527147293091, 2.40520620346069, 0.09689636528492, 0.05140437930822, -0.08581595867872, 0.18003033101559, 0.01057344861329, -0.01793964579701, 0.18986248970032, 0.00659136381, 0.00940074026585, 0.17568831145763, 0.01420776173472, 0.03847927600145, 0.14762869477272, 0.02119366824627, 0.05457248166203, -0.61129260063171, 0.81184130907059, 0.13998433947563, -0.56612581014633, 0.7171066403389, 0.09339119493961, -0.55612474679947, 0.70382213592529, 0.06923498213291, -0.55478322505951, 0.71476769447327, 0.03788417950273, -0.56638741493225, 0.73630118370056, 0.01559555530548
0.39856907725334, 0.33672806620598, 0.11320977658033, -3.33773708343506, -2.04668140411377, 0.10277894884348, -0.78285908699036, 0.75418812036514, 0.07849558442831, -0.53945553302765, 1.49835443496704, 0.13068509101868, -0.96878695487976, 1.35018765926361, 0.06192845478654, 0, 0, 0, 0, 0, 0, -0.69241297245026, 0.833047747612, 0.03350162506104, -0.15108607709408, -0.19872875511646, 2.3921902179718, 0.09689636528492, 0.05140437930822, -0.08581595867872, 0.18003033101559, 0.01057344861329, -0.01793964579701, 0.18986248970032, 0.00659136381, 0.00940074026585, 0.17568831145763, 0.01420776173472, 0.03847927600145, 0.14762869477272, 0.02119366824627, 0.05457248166203, -0.60613632202148, 0.81791430711746, 0.14177441596985, -0.56306207180023, 0.72216057777405, 0.09528297930956, -0.55361443758011, 0.70854216814041, 0.07108994573355, -0.55257284641266, 0.71922338008881, 0.03963673114777, -0.56418478488922, 0.74075371026993, 0.01734904944897
0.33672806620598, 1.44819962978363, 1.02380895614624, 0.30498668551445, 4.51280879974365, -3.20259118080139, -0.77942037582397, 0.76234328746796, 0.08325691521168, -0.53828728199005, 1.49941039085388, 0.13330173492432, -0.96897232532501, 1.34737586975098, 0.06495922803879, 0, 0, 0, 0, 0, 0, -0.68922913074493, 0.83806532621384, 0.03572130203247, -0.16586019098759, -0.1938419342041, 2.38556599617004, 0.09689636528492, 0.05140437930822, -0.08581595867872, 0.18003033101559, 0.01057344861329, -0.01793964579701, 0.18986248970032, 0.00659136381, 0.00940074026585, 0.17568831145763, 0.01420776173472, 0.03847927600145, 0.14762869477272, 0.02119366824627, 0.05457248166203, -0.60267454385757, 0.82355839014053, 0.14385798573494, -0.56067168712616, 0.726802110672, 0.09847515821457, -0.55144518613815, 0.71277815103531, 0.07442890107632, -0.55042737722397, 0.72303318977356, 0.0428333953023, -0.5619261264801, 0.74437487125397, 0.02030682191253
0.36423680186272, 0.98482841253281, 0.60317558050156, -0.94149070978165, 1.75612246990204, -1.77489161491394, -0.77669352293015, 0.76883774995804, 0.08673629909754, -0.53711938858032, 1.50042974948883, 0.13589298725128, -0.96852111816406, 1.34370124340057, 0.06999768316746, 0, 0, 0, 0, 0, 0, -0.68644374608994, 0.84221470355988, 0.0375292301178, -0.1828824877739, -0.19514000415802, 2.382399559021, 0.09689636528492, 0.05140437930822, -0.08581595867872, 0.18003033101559, 0.01057344861329, -0.01793964579701, 0.18986248970032, 0.00659136381, 0.00940074026585, 0.17568831145763, 0.01420776173472, 0.03847927600145, 0.14762869477272, 0.02119366824627, 0.05457248166203, -0.60017764568329, 0.8289030790329, 0.1460494697094, -0.55870991945267, 0.73116445541382, 0.10230933129787, -0.54952967166901, 0.71669685840607, 0.07850942015648, -0.54838991165161, 0.72643512487411, 0.04675497859716, -0.55971211194992, 0.74748367071152, 0.02386610955
0.33294436335564, 0.72730058431625, 0.38790059089661, -1.58558118343353, 0.46274855732918, -1.11689281463623, -0.77443838119507, 0.77437305450439, 0.08948549628258, -0.53601026535034, 1.50145149230957, 0.13852119445801, -0.96820461750031, 1.3397182226181, 0.07501819729805, 0, 0, 0, 0, 0, 0, -0.68130815029144, 0.84744644165039, 0.03779911994934, -0.14720669388771, -0.14093768596649, 2.34926533699036, 0.09689636528492, 0.05140437930822, -0.08581595867872, 0.18003033101559, 0.01057344861329, -0.01793964579701, 0.18986248970032, 0.00659136381, 0.00940074026585, 0.17568831145763, 0.01420776173472, 0.03847927600145, 0.14762869477272, 0.02119366824627, 0.05457248166203, -0.59030866622925, 0.82749581336975, 0.14132085442543, -0.5536732673645, 0.73062860965729, 0.09172029793262, -0.54604762792587, 0.71692788600922, 0.06693798303604, -0.54617422819138, 0.72793579101563, 0.03558057546616, -0.5580085515976, 0.75018972158432, 0.01413660496473
0.30447003245354, 0.5799006819725, 0.26859819889069, -1.93142867088318, -0.22110670804977, -0.76218813657761, -0.76851236820221, 0.77976304292679, 0.09127232432365, -0.53489983081818, 1.50240099430084, 0.14128983020782, -0.96679151058197, 1.33446645736694, 0.08133438229561, 0, 0, 0, 0, 0, 0, -0.6770436167717, 0.85183221101761, 0.03840088844299, -0.13187383115292, -0.11229365319014, 2.33060479164124, 0.09689636528492, 0.05140437930822, -0.08581595867872, 0.18003033101559, 0.01057344861329, -0.01793964579701, 0.18986248970032, 0.00659136381, 0.00940074026585, 0.17568831145763, 0.01420776173472, 0.03847927600145, 0.14762869477272, 0.02119366824627, 0.05457248166203, -0.58373785018921, 0.8285785317421, 0.13914304971695, -0.55001431703568, 0.7320277094841, 0.0869292318821, -0.54326188564301, 0.71864765882492, 0.06172207742929, -0.54401749372482, 0.73021113872528, 0.03057416714728, -0.55603170394897, 0.75303065776825, 0.00983624346554
0.47708269953728, 1.02660655975342, 0.55724632740021, 4.8752236366272, 5.849684715271, -3.1521475315094, -0.76394659280777, 0.78462851047516, 0.09295850247145, -0.53368830680847, 1.50324070453644, 0.14409554004669, -0.96549296379089, 1.32975208759308, 0.08781503140926, 0, 0, 0, 0, 0, 0, -0.67340159416199, 0.85573828220367, 0.03919529914856, -0.12680009007454, -0.09524766355753, 2.31802654266357, 0.09689636528492, 0.05140437930822, -0.08581595867872, 0.18003033101559, 0.01057344861329, -0.01793964579701, 0.18986248970032, 0.00659136381, 0.00940074026585, 0.17568831145763, 0.01420776173472, 0.03847927600145, 0.14762869477272, 0.02119366824627, 0.05457248166203, -0.57884103059769, 0.83073508739471, 0.13833567500114, -0.54707890748978, 0.73412978649139, 0.0850046724081, -0.54087513685226, 0.72083306312561, 0.05961305648088, -0.54197192192078, 0.73260474205017, 0.02855338901281, -0.55403071641922, 0.75569766759872, 0.00814662873745
0.44253584742546, 0.76680415868759, 0.38024646043777, 2.10523319244385, 3.12567329406738, -1.96749877929688, -0.76025038957596, 0.78921806812286, 0.09466905891895, -0.53244829177856, 1.50406980514526, 0.14700603485107, -0.96456527709961, 1.32594799995422, 0.09295094013214, 0, 0, 0, 0, 0, 0, -0.67012846469879, 0.85934716463089, 0.0400778055191, -0.12764023244381, -0.08489610999823, 2.30893182754517, 0.09689636528492, 0.05140437930822, -0.08581595867872, 0.18003033101559, 0.01057344861329, -0.01793964579701, 0.18986248970032, 0.00659136381, 0.00940074026585, 0.17568831145763, 0.01420776173472, 0.03847927600145, 0.14762869477272, 0.02119366824627, 0.05457248166203, -0.57489043474197, 0.83348661661148, 0.13834597170353, -0.54449671506882, 0.73659837245941, 0.08473156392574, -0.53864747285843, 0.72324645519257, 0.0592848546803, -0.53992319107056, 0.7350280880928, 0.02823580056429, -0.55195939540863, 0.75822967290878, 0.00793926417828
0.39308306574821, 0.64244264364243, 0.29738184809685, 0.7600736618042, 1.84960329532623, -1.42479455471039, -0.75706249475479, 0.7936155796051, 0.09635244309902, -0.53115570545197, 1.50484132766724, 0.15002930164337, -0.964759349823, 1.32244896888733, 0.09772579371929, 0, 0, 0, 0, 0, 0, -0.6657811999321, 0.86196023225784, 0.04142558574677, -0.09703444689512, -0.05331974476576, 2.2951717376709, 0.09689636528492, 0.05140437930822, -0.08581595867872, 0.18003033101559, 0.01057344861329, -0.01793964579701, 0.18986248970032, 0.00659136381, 0.00940074026585, 0.17568831145763, 0.01420776173472, 0.03847927600145, 0.14762869477272, 0.02119366824627, 0.05457248166203, -0.56797045469284, 0.83195245265961, 0.13591510057449, -0.54035460948944, 0.73647904396057, 0.07840146124363, -0.53542792797089, 0.72387516498566, 0.05238433554769, -0.5374881029129, 0.73664665222168, 0.02177188359201, -0.54984539747238, 0.7606104016304, 0.0025841370225
0.36138293147087, 0.56740522384644, 0.24237422645092, -0.00258368602954, 1.10296261310577, -1.08623278141022, -0.7517796754837, 0.79544585943222, 0.09821556508541, -0.52983450889587, 1.5056117773056, 0.1531275510788, -0.96564322710037, 1.31986999511719, 0.10145904868841, 0, 0, 0, 0, 0, 0, -0.66199266910553, 0.86480569839478, 0.04273092746735, -0.07713908702135, -0.02942795865238, 2.28376650810242, 0.09689636528492, 0.05140437930822, -0.08581595867872, 0.18003033101559, 0.01057344861329, -0.01793964579701, 0.18986248970032, 0.00659136381, 0.00940074026585, 0.17568831145763, 0.01420776173472, 0.03847927600145, 0.14762869477272, 0.02119366824627, 0.05457248166203, -0.56238269805908, 0.83186507225037, 0.13431939482689, -0.53711360692978, 0.73730945587158, 0.07426662743092, -0.53291696310043, 0.72519063949585, 0.04789347574115, -0.53553664684296, 0.73860645294189, 0.01760106906295, -0.54806935787201, 0.76308381557465, -0.00080877915025
0.49919125437737, 0.46229836344719, 0.48778739571571, 3.778000831604, 3.60621023178101, -1.38544321060181, -0.74738544225693, 0.79803186655045, 0.10012717545033, -0.5285257101059, 1.50623393058777, 0.15631854534149, -0.96708536148071, 1.31794965267181, 0.10422994941473, 0, 0, 0, 0, 0, 0, -0.65850681066513, 0.86772960424423, 0.04396688938141, -0.06709226220846, -0.01365143992007, 2.2750928401947, 0.09689636528492, 0.05140437930822, -0.08581595867872, 0.18003033101559, 0.01057344861329, -0.01793964579701, 0.18986248970032, 0.00659136381, 0.00940074026585, 0.17568831145763, 0.01420776173472, 0.03847927600145, 0.14762869477272, 0.02119366824627, 0.05457248166203, -0.55780845880508, 0.83301681280136, 0.1336917579174, -0.53425508737564, 0.73887664079666, 0.07230381667614, -0.53056061267853, 0.72699522972107, 0.0457481071353, -0.53352332115173, 0.74074363708496, 0.01563695073128, -0.54612404108047, 0.76551306247711, -0.00233056396246
0.43913123011589, 0.47748324275017, 0.42250868678093, 2.43982553482056, 2.74572515487671, -1.26262605190277, -0.743587911129, 0.80108428001404, 0.10197211056948, -0.52728891372681, 1.50682830810547, 0.15955209732056, -0.96851706504822, 1.31618022918701, 0.10678391903639, 0, 0, 0, 0, 0, 0, -0.65517616271973, 0.8707001209259, 0.04514241218567, -0.06277874112129, -0.00284454529174, 2.2681291103363, 0.09689636528492, 0.05140437930822, -0.08581595867872, 0.18003033101559, 0.01057344861329, -0.01793964579701, 0.18986248970032, 0.00659136381, 0.00940074026585, 0.17568831145763, 0.01420776173472, 0.03847927600145, 0.14762869477272, 0.02119366824627, 0.05457248166203, -0.55379867553711, 0.8348993062973, 0.13366693258286, -0.53153479099274, 0.7408704161644, 0.07163053750992, -0.52819752693176, 0.72908103466034, 0.0449866913259, -0.5313760638237, 0.74298202991486, 0.01496776007116, -0.54398971796036, 0.76791661977768, -0.00276058167219
0.40716645121574, 0.4637288749218, 0.33756938576698, 1.2286342382431, 1.81907641887665, -1.01231968402863, -0.74011313915253, 0.80438768863678, 0.10373734682798, -0.52602767944336, 1.50743818283081, 0.16282498836517, -0.97012591362, 1.31487488746643, 0.10949143022299, 0, 0, 0, 0, 0, 0, -0.65193068981171, 0.87106972932816, 0.04629635810852, -0.03839534521103, 0.00661178678274, 2.26856327056885, 0.09689636528492, 0.05140437930822, -0.08581595867872, 0.18003033101559, 0.01057344861329, -0.01793964579701, 0.18986248970032, 0.00659136381, 0.00940074026585, 0.17568831145763, 0.01420776173472, 0.03847927600145, 0.14762869477272, 0.02119366824627, 0.05457248166203, -0.54970872402191, 0.83317238092422, 0.13295738399029, -0.52800840139389, 0.74069511890411, 0.06843861192465, -0.52492070198059, 0.72956043481827, 0.04148480668664, -0.52838748693466, 0.74418759346008, 0.01184520497918, -0.54117548465729, 0.76954060792923, -0.00514960289001
0.3904080092907, 0.45330759882927, 0.28026670217514, 0.52449768781662, 1.2423130273819, -0.82935160398483, -0.73629021644592, 0.80330574512482, 0.10405884683132, -0.524862408638, 1.50799596309662, 0.16603600978851, -0.97120088338852, 1.31356918811798, 0.11225206404924, 0, 0, 0, 0, 0, 0, -0.64880073070526, 0.87224459648132, 0.04744720458984, -0.02377040311694, 0.01399878412485, 2.26742696762085, 0.09689636528492, 0.05140437930822, -0.08581595867872, 0.18003033101559, 0.01057344861329, -0.01793964579701, 0.18986248970032, 0.00659136381, 0.00940074026585, 0.17568831145763, 0.01420776173472, 0.03847927600145, 0.14762869477272, 0.02119366824627, 0.05457248166203, -0.54599606990814, 0.83295863866806, 0.13279065489769, -0.52489399909973, 0.74140763282776, 0.06676995754242, -0.52201926708221, 0.73066425323486, 0.03963438421488, -0.52568393945694, 0.74572736024857, 0.01023792475462, -0.53856235742569, 0.7713418006897, -0.00629015266895
0.4050278365612, 0.00194549548905, 0.19634483754635, 2.92524433135986, 1.13768661022186, 0.04598243162036, -0.73282468318939, 0.80374753475189, 0.10483307391405, -0.52366948127747, 1.50850832462311, 0.16924333572388, -0.97161209583282, 1.31160068511963, 0.11571208387613, 0, 0, 0, 0, 0, 0, -0.64569967985153, 0.87391066551208, 0.04859960079193, -0.01546019967645, 0.01962795853615, 2.26556015014648, 0.09689636528492, 0.05140437930822, -0.08581595867872, 0.18003033101559, 0.01057344861329, -0.01793964579701, 0.18986248970032, 0.00659136381, 0.00940074026585, 0.17568831145763, 0.01420776173472, 0.03847927600145, 0.14762869477272, 0.02119366824627, 0.05457248166203, -0.54250001907349, 0.83371537923813, 0.13303804397583, -0.52195274829865, 0.74267268180847, 0.06614515185356, -0.51925134658813, 0.73214888572693, 0.03890596330166, -0.52304953336716, 0.74746215343475, 0.00965609401464, -0.53596812486649, 0.77323812246323, -0.00658714026213
0.38263317942619, 0.13731479644775, 0.19726170599461, 1.75263500213623, 0.88160991668701, -0.15416647493839, -0.7295406460762, 0.80510741472244, 0.10588659346104, -0.52248644828796, 1.50897800922394, 0.17236530780792, -0.97144776582718, 1.3093626499176, 0.11917801946402, 0, 0, 0, 0, 0, 0, -0.64261209964752, 0.87591618299484, 0.04974699020386, -0.0084982207045, 0.02598756924272, 2.26256990432739, 0.09689636528492, 0.05140437930822, -0.08581595867872, 0.18003033101559, 0.01057344861329, -0.01793964579701, 0.18986248970032, 0.00659136381, 0.00940074026585, 0.17568831145763, 0.01420776173472, 0.03847927600145, 0.14762869477272, 0.02119366824627, 0.05457248166203, -0.53900939226151, 0.834816634655, 0.1332513988018, -0.51917350292206, 0.74417400360107, 0.06560473144054, -0.51667749881744, 0.73383003473282, 0.03827719390392, -0.52061170339584, 0.74935662746429, 0.00915804877877, -0.53355073928833, 0.77528434991837, -0.00682525709271
0.37429329752922, 0.21638630330563, 0.19307701289654, 0.99415993690491, 0.67132610082626, -0.24060235917568, -0.72630739212036, 0.80698162317276, 0.10708907991648, -0.52122890949249, 1.50945007801056, 0.17554116249084, -0.97136473655701, 1.30694937705994, 0.12236243486404, 0, 0, 0, 0, 0, 0, -0.63863730430603, 0.8780317902565, 0.05068671703339, 0.01309463847429, 0.03146136924624, 2.27436757087708, 0.09689636528492, 0.05140437930822, -0.08581595867872, 0.18003033101559, 0.01057344861329, -0.01793964579701, 0.18986248970032, 0.00659136381, 0.00940074026585, 0.17568831145763, 0.01420776173472, 0.03847927600145, 0.14762869477272, 0.02119366824627, 0.05457248166203, -0.53412091732025, 0.83628040552139, 0.13271614909172, -0.51365602016449, 0.74736881256104, 0.0629914700985, -0.51119744777679, 0.73765414953232, 0.03543056547642, -0.51546603441238, 0.75376927852631, 0.00668061152101, -0.5287811756134, 0.77989369630814, -0.00866060703993
0.37041661143303, 0.27590990066528, 0.20828379690647, 0.82263046503067, 0.75450575351715, -0.37550547719002, -0.72124087810516, 0.80692285299301, 0.10694655776024, -0.51987659931183, 1.50984787940979, 0.17875480651855, -0.97138184309006, 1.30432140827179, 0.12519580125809, 0, 0, 0, 0, 0, 0, -0.6348649263382, 0.88040006160736, 0.05172765254974, 0.02756431140006, 0.03659085556865, 2.28134226799011, 0.09689636528492, 0.05140437930822, -0.08581595867872, 0.18003033101559, 0.01057344861329, -0.01793964579701, 0.18986248970032, 0.00659136381, 0.00940074026585, 0.17568831145763, 0.01420776173472, 0.03847927600145, 0.14762869477272, 0.02119366824627, 0.05457248166203, -0.52967011928558, 0.83813047409058, 0.13261657953262, -0.50898438692093, 0.75038731098175, 0.06149097532034, -0.5066020488739, 0.7410945892334, 0.03377830609679, -0.51111906766891, 0.75760191679001, 0.00529001653194, -0.52467924356461, 0.78386151790619, -0.00959918648005
0.52533388137817, 0.05026101693511, 0.11713831871748, 2.63710308074951, 0.65899175405502, 1.33863317966461, -0.71672451496124, 0.80793631076813, 0.107342466712, -0.51851713657379, 1.51011633872986, 0.18205833435059, -0.97182434797287, 1.30202877521515, 0.12718921899796, 0, 0, 0, 0, 0, 0, -0.63126575946808, 0.88290166854858, 0.05282425880432, 0.03692938014865, 0.04100826755166, 2.28510141372681, 0.09689636528492, 0.05140437930822, -0.08581595867872, 0.18003033101559, 0.01057344861329, -0.01793964579701, 0.18986248970032, 0.00659136381, 0.00940074026585, 0.17568831145763, 0.01420776173472, 0.03847927600145, 0.14762869477272, 0.02119366824627, 0.05457248166203, -0.52558124065399, 0.84022498130798, 0.13285653293133, -0.5049067735672, 0.75323224067688, 0.06081175431609, -0.50261265039444, 0.7442113161087, 0.03300201147795, -0.50730806589127, 0.76097291707993, 0.00469160825014, -0.52102077007294, 0.78732627630234, -0.0098889991641
0.48497197031975, 0.16282795369625, 0.14509408175945, 1.76198220252991, 0.59796220064163, 0.77638429403305, -0.71264004707336, 0.8096342086792, 0.10809721052647, -0.51710426807404, 1.5102950334549, 0.1854031085968, -0.97290259599686, 1.30057096481323, 0.12848748266697, 0, 0, 0, 0, 0, 0, -0.62772178649902, 0.88540780544281, 0.05389893054962, 0.04605028778315, 0.04645934328437, 2.28795123100281, 0.09689636528492, 0.05140437930822, -0.08581595867872, 0.18003033101559, 0.01057344861329, -0.01793964579701, 0.18986248970032, 0.00659136381, 0.00940074026585, 0.17568831145763, 0.01420776173472, 0.03847927600145, 0.14762869477272, 0.02119366824627, 0.05457248166203, -0.52150803804398, 0.84225541353226, 0.13296979665756, -0.50100833177567, 0.75598275661469, 0.06001502275467, -0.49884104728699, 0.74722456932068, 0.03211127594113, -0.5037282705307, 0.76423507928848, 0.0039823949337, -0.51758241653442, 0.79068797826767, -0.0102808251977
0.45214888453484, 0.23338077962399, 0.15950201451778, 1.13993215560913, 0.51519042253494, 0.40683972835541, -0.70862191915512, 0.81143248081207, 0.10892455279827, -0.51573145389557, 1.51048386096954, 0.18874800205231, -0.97546249628067, 1.30058610439301, 0.12833969295025, 0, 0, 0, 0, 0, 0, -0.62351429462433, 0.88640314340591, 0.05465090274811, 0.06882055103779, 0.05456231534481, 2.30780744552612, 0.09689636528492, 0.05140437930822, -0.08581595867872, 0.18003033101559, 0.01057344861329, -0.01793964579701, 0.18986248970032, 0.00659136381, 0.00940074026585, 0.17568831145763, 0.01420776173472, 0.03847927600145, 0.14762869477272, 0.02119366824627, 0.05457248166203, -0.51595264673233, 0.84338784217834, 0.1319545507431, -0.49437940120697, 0.75926542282104, 0.05683042854071, -0.49225041270256, 0.75121235847473, 0.02871214225888, -0.49765446782112, 0.76878952980042, 0.00102970376611, -0.51209944486618, 0.79530853033066, -0.01250612735748
0.44413086771965, 0.24808643758297, 0.17254291474819, 1.1082136631012, 0.63963508605957, 0.29359292984009, -0.7026299238205, 0.80964374542236, 0.10844415426254, -0.51431441307068, 1.5105949640274, 0.19212198257446, -0.97793245315552, 1.30093622207642, 0.12813962996006, 0, 0, 0, 0, 0, 0, -0.61959427595139, 0.88791179656982, 0.05551826953888, 0.08512495458126, 0.0618275590241, 2.32115125656128, 0.09689636528492, 0.05140437930822, -0.08581595867872, 0.18003033101559, 0.01057344861329, -0.01793964579701, 0.18986248970032, 0.00659136381, 0.00940074026585, 0.17568831145763, 0.01420776173472, 0.03847927600145, 0.14762869477272, 0.02119366824627, 0.05457248166203, -0.51102429628372, 0.8449233174324, 0.13141445815563, -0.48889672756195, 0.76236462593079, 0.05473295599222, -0.48684740066528, 0.75481802225113, 0.0264686383307, -0.4926423728466, 0.77279525995255, -0.00087574124336, -0.50749748945236, 0.79935967922211, -0.01386760920286
0.59198850393295, -0.19807575643063, 0.09790240973234, 2.85066390037537, 0.83650892972946, 2.23833608627319, -0.69741857051849, 0.80927443504333, 0.10847625881433, -0.51291596889496, 1.5106588602066, 0.19539523124695, -0.97987365722656, 1.30253291130066, 0.12674063444138, 0, 0, 0, 0, 0, 0, -0.61589133739471, 0.88976311683655, 0.05647933483124, 0.09661843627691, 0.06801076233387, 2.32982587814331, 0.09689636528492, 0.05140437930822, -0.08581595867872, 0.18003033101559, 0.01057344861329, -0.01793964579701, 0.18986248970032, 0.00659136381, 0.00940074026585, 0.17568831145763, 0.01420776173472, 0.03847927600145, 0.14762869477272, 0.02119366824627, 0.05457248166203, -0.50657606124878, 0.84672617912292, 0.13127022981644, -0.48421943187714, 0.76527178287506, 0.05348217859864, -0.48226487636566, 0.75808155536652, 0.02511841803789, -0.48834937810898, 0.77633947134018, -0.00197595730424, -0.50348287820816, 0.80293971300125, -0.01456713676453
0.53431034088135, -0.03067731671035, 0.12282996624708, 2.04472613334656, 0.74817860126495, 1.47906720638275, -0.69280707836151, 0.80988258123398, 0.10890133678913, -0.51148509979248, 1.51066279411316, 0.19870829582214, -0.9811726808548, 1.30366802215576, 0.12565889954567, 0, 0, 0, 0, 0, 0, -0.61231517791748, 0.89183139801025, 0.05749928951263, 0.10498494654894, 0.07324042916298, 2.33559846878052, 0.09689636528492, 0.05140437930822, -0.08581595867872, 0.18003033101559, 0.01057344861329, -0.01793964579701, 0.18986248970032, 0.00659136381, 0.00940074026585, 0.17568831145763, 0.01420776173472, 0.03847927600145, 0.14762869477272, 0.02119366824627, 0.05457248166203, -0.5024328827858, 0.84870707988739, 0.13140368461609, -0.48002326488495, 0.76805198192596, 0.0528022646904, -0.47816443443298, 0.76112008094788, 0.02436785399914, -0.48446881771088, 0.77958238124847, -0.0025370568037, -0.49979689717293, 0.80621325969696, -0.01482450962067
0.48924204707146, 0.08505105227232, 0.14071315526962, 1.44122612476349, 0.64634960889816, 0.94356417655945, -0.68857538700104, 0.81110006570816, 0.10957457125187, -0.51005911827087, 1.51064729690552, 0.20197939872742, -0.98250252008438, 1.30464863777161, 0.1246305629611, 0, 0, 0, 0, 0, 0, -0.60839545726776, 0.89220386743546, 0.05925846099854, 0.11575525999069, 0.07957479357719, 2.33627486228943, 0.09689636528492, 0.05140437930822, -0.08581595867872, 0.18003033101559, 0.01057344861329, -0.01793964579701, 0.18986248970032, 0.00659136381, 0.00940074026585, 0.17568831145763, 0.01420776173472, 0.03847927600145, 0.14762869477272, 0.02119366824627, 0.05457248166203, -0.49806079268456, 0.84827160835266, 0.13200390338898, -0.47615852952003, 0.76846671104431, 0.05239808559418, -0.47447898983955, 0.76184177398682, 0.02387945726514, -0.4809482395649, 0.78059411048889, -0.00278469547629, -0.49634796380997, 0.80735778808594, -0.01468789577484
0.46121832728386, 0.15702007710934, 0.15023498237133, 1.04752051830292, 0.55616372823715, 0.61537981033325, -0.68434321880341, 0.81092435121536, 0.11093607544899, -0.50863397121429, 1.51060700416565, 0.20523357391357, -0.9835969209671, 1.3054986000061, 0.12342447042465, 0, 0, 0, 0, 0, 0, -0.60463178157806, 0.89314675331116, 0.06083583831787, 0.12426110357046, 0.08500898629427, 2.33707714080811, 0.09689636528492, 0.05140437930822, -0.08581595867872, 0.18003033101559, 0.01057344861329, -0.01793964579701, 0.18986248970032, 0.00659136381, 0.00940074026585, 0.17568831145763, 0.01420776173472, 0.03847927600145, 0.14762869477272, 0.02119366824627, 0.05457248166203, -0.49390721321106, 0.8486076593399, 0.13261337578297, -0.47242447733879, 0.76948827505112, 0.05221294239163, -0.47089672088623, 0.76310741901398, 0.02363020181656, -0.47750955820084, 0.78208601474762, -0.0028378739953, -0.49297451972961, 0.80894863605499, -0.01442964375019
0.48163887858391, 0.02627134136856, 0.25237888097763, 1.3001561164856, 0.75393676757813, -0.014538644813, -0.68029671907425, 0.81141984462738, 0.11222186684608, -0.5072466135025, 1.51056051254272, 0.20847713947296, -0.98458009958267, 1.306391954422, 0.12130971997976, 0, 0, 0, 0, 0, 0, -0.60096842050552, 0.89446306228638, 0.06229615211487, 0.13111519813538, 0.08968762308359, 2.33791017532349, 0.09689636528492, 0.05140437930822, -0.08581595867872, 0.18003033101559, 0.01057344861329, -0.01793964579701, 0.18986248970032, 0.00659136381, 0.00940074026585, 0.17568831145763, 0.01420776173472, 0.03847927600145, 0.14762869477272, 0.02119366824627, 0.05457248166203, -0.48990738391876, 0.84945642948151, 0.13325768709183, -0.46877601742744, 0.77089881896973, 0.05221582576632, -0.46737766265869, 0.76471567153931, 0.02358304709196, -0.47411546111107, 0.78387486934662, -0.00272292643785, -0.48963889479637, 0.81081312894821, -0.01405823230743
0.46249863505363, 0.09510039538145, 0.22729931771755, 1.01832842826843, 0.63629299402237, 0.01127462740988, -0.67638051509857, 0.81236529350281, 0.11346238851547, -0.50591188669205, 1.51045942306519, 0.21161615848541, -0.98542439937592, 1.30769574642181, 0.11847452074289, 0, 0, 0, 0, 0, 0, -0.59736621379852, 0.89602696895599, 0.06368172168732, 0.1368094086647, 0.09377844631672, 2.33872985839844, 0.09689636528492, 0.05140437930822, -0.08581595867872, 0.18003033101559, 0.01057344861329, -0.01793964579701, 0.18986248970032, 0.00659136381, 0.00940074026585, 0.17568831145763, 0.01420776173472, 0.03847927600145, 0.14762869477272, 0.02119366824627, 0.05457248166203, -0.48601108789444, 0.85064667463303, 0.13394087553024, -0.46518093347549, 0.77256220579147, 0.05236556008458, -0.46389490365982, 0.76654404401779, 0.0236923918128, -0.47074270248413, 0.78585201501846, -0.00247605144978, -0.48631858825684, 0.8128502368927, -0.01359452307224
0.44973132014275, 0.14096975326538, 0.20956186950207, 0.83157831430435, 0.55079632997513, 0.02694913744926, -0.67255127429962, 0.81361418962479, 0.1146752089262, -0.50460779666901, 1.51033365726471, 0.21469449996948, -0.98625814914703, 1.30900430679321, 0.1152294203639, 0, 0, 0, 0, 0, 0, -0.5938001871109, 0.89775514602661, 0.06501841545105, 0.14176993072033, 0.09748394787312, 2.33953452110291, 0.09689636528492, 0.05140437930822, -0.08581595867872, 0.18003033101559, 0.01057344861329, -0.01793964579701, 0.18986248970032, 0.00659136381, 0.00940074026585, 0.17568831145763, 0.01420776173472, 0.03847927600145, 0.14762869477272, 0.02119366824627, 0.05457248166203, -0.48217916488647, 0.85205978155136, 0.13464857637882, -0.46161812543869, 0.77439206838608, 0.05260841548443, -0.46043330430984, 0.7685182094574, 0.02390100061893, -0.46738106012344, 0.78795492649078, -0.00214551389217, -0.48300522565842, 0.81500339508057, -0.01307243108749
0.4416489303112, 0.17190454900265, 0.19723711907864, 0.69067490100861, 0.47854858636856, 0.03447393327951, -0.6687758564949, 0.81506299972534, 0.11586780846119, -0.5034019947052, 1.51020276546478, 0.2176456451416, -0.98747557401657, 1.31047105789185, 0.1113033592701, 0, 0, 0, 0, 0, 0, -0.59040427207947, 0.89748990535736, 0.06737160682678, 0.14828655123711, 0.09879133105278, 2.33194971084595, 0.09689636528492, 0.05140437930822, -0.08581595867872, 0.18003033101559, 0.01057344861329, -0.01793964579701, 0.18986248970032, 0.00659136381, 0.00940074026585, 0.17568831145763, 0.01420776173472, 0.03847927600145, 0.14762869477272, 0.02119366824627, 0.05457248166203, -0.47899228334427, 0.85049158334732, 0.13646724820137, -0.45925742387772, 0.77313369512558, 0.0539329610765, -0.45818865299225, 0.76741582155228, 0.02518951147795, -0.46504047513008, 0.78705787658691, -0.00072807818651, -0.48047059774399, 0.81429451704025, -0.01146160066128
0.43678519129753, 0.19246815145016, 0.18904833495617, 0.59786283969879, 0.42844125628471, 0.03807490319014, -0.6659272313118, 0.81511634588242, 0.11792730540037, -0.50225067138672, 1.51011645793915, 0.22046744823456, -0.9889515042305, 1.31121969223022, 0.10880605131388, 0, 0, 0, 0, 0, 0, -0.58710902929306, 0.8980039358139, 0.06936848163605, 0.1557542681694, 0.1007818877697, 2.32435178756714, 0.09689636528492, 0.05140437930822, -0.08581595867872, 0.18003033101559, 0.01057344861329, -0.01793964579701, 0.18986248970032, 0.00659136381, 0.00940074026585, 0.17568831145763, 0.01420776173472, 0.03847927600145, 0.14762869477272, 0.02119366824627, 0.05457248166203, -0.47587287425995, 0.84963136911392, 0.13779577612877, -0.45703223347664, 0.77266848087311, 0.05468529462814, -0.45610004663467, 0.76713454723358, 0.02590110898018, -0.46287068724632, 0.78700524568558, 0.00013694167137, -0.47810953855515, 0.8144388794899, -0.0103657618165
0.37500140070915, 0.07379292696714, 0.29064503312111, 0.69677746295929, 0.29321050643921, -0.97264277935028, -0.66314935684204, 0.81591629981995, 0.11961272358894, -0.50105047225952, 1.50997912883759, 0.22308385372162, -0.988509953022, 1.31156253814697, 0.10722549259663, 0, 0, 0, 0, 0, 0, -0.58383798599243, 0.8990021944046, 0.07115077972412, 0.16364561021328, 0.10331842303276, 2.31730794906616, 0.09689636528492, 0.05140437930822, -0.08581595867872, 0.18003033101559, 0.01057344861329, -0.01793964579701, 0.18986248970032, 0.00659136381, 0.00940074026585, 0.17568831145763, 0.01420776173472, 0.03847927600145, 0.14762869477272, 0.02119366824627, 0.05457248166203, -0.47273173928261, 0.84928518533707, 0.13882128894329, -0.45478868484497, 0.77277600765228, 0.05509551614523, -0.45400381088257, 0.76744115352631, 0.02626936882734, -0.46071401238441, 0.78754734992981, 0.00067260861397, -0.47577822208405, 0.81517207622528, -0.00957807898521
0.36485907435417, 0.1671409457922, 0.25507181882858, 0.80042445659637, 0.37625634670258, -0.98421084880829, -0.66032814979553, 0.81714570522308, 0.12108847498894, -0.49990341067314, 1.50977420806885, 0.22550511360168, -0.98709172010422, 1.3105320930481, 0.1073312163353, 0, 0, 0, 0, 0, 0, -0.58056533336639, 0.90029090642929, 0.07279801368713, 0.17149411141872, 0.10620456933975, 2.3111400604248, 0.09689636528492, 0.05140437930822, -0.08581595867872, 0.18003033101559, 0.01057344861329, -0.01793964579701, 0.18986248970032, 0.00659136381, 0.00940074026585, 0.17568831145763, 0.01420776173472, 0.03847927600145, 0.14762869477272, 0.02119366824627, 0.05457248166203, -0.46954149007797, 0.84932863712311, 0.13967280089855, -0.45245131850243, 0.77330160140991, 0.05533163249493, -0.45181530714035, 0.76816880702972, 0.02646518871188, -0.45848646759987, 0.78850376605988, 0.00103958696127, -0.47339993715286, 0.81630402803421, -0.00895372778177
0.36610361933708, 0.21718023717403, 0.23556409776211, 0.85845679044724, 0.43949288129807, -0.9284496307373, -0.6574222445488, 0.81860411167145, 0.12244959920645, -0.49886816740036, 1.50963795185089, 0.22793650627136, -0.98668736219406, 1.30901718139648, 0.10732611268759, 0, 0, 0, 0, 0, 0, -0.57801496982574, 0.9030014872551, 0.07509505748749, 0.17086161673069, 0.10224848985672, 2.28824281692505, 0.09689636528492, 0.05140437930822, -0.08581595867872, 0.18003033101559, 0.01057344861329, -0.01793964579701, 0.18986248970032, 0.00659136381, 0.00940074026585, 0.17568831145763, 0.01420776173472, 0.03847927600145, 0.14762869477272, 0.02119366824627, 0.05457248166203, -0.46816056966782, 0.84976744651794, 0.14213103055954, -0.45277369022369, 0.77312636375427, 0.05801799148321, -0.45225203037262, 0.7678946852684, 0.02916700020432, -0.45846602320671, 0.78829807043076, 0.00368042290211, -0.47275358438492, 0.81639510393143, -0.00639689713717
0.37133213877678, 0.23956774175167, 0.22374002635479, 0.85877174139023, 0.46891370415688, -0.82270342111588, -0.65668129920959, 0.82320272922516, 0.12498265504837, -0.49786797165871, 1.50943374633789, 0.23017930984497, -0.98525017499924, 1.3058043718338, 0.10907077044249, 0, 0, 0, 0, 0, 0, -0.57526111602783, 0.90554314851761, 0.07716107368469, 0.17108823359013, 0.09968516975641, 2.26993918418884, 0.09689636528492, 0.05140437930822, -0.08581595867872, 0.18003033101559, 0.01057344861329, -0.01793964579701, 0.18986248970032, 0.00659136381, 0.00940074026585, 0.17568831145763, 0.01420776173472, 0.03847927600145, 0.14762869477272, 0.02119366824627, 0.05457248166203, -0.46634295582771, 0.85045039653778, 0.14422304928303, -0.45238310098648, 0.77341175079346, 0.06022428721189, -0.45197182893753, 0.7681257724762, 0.03138141334057, -0.45783263444901, 0.7885969877243, 0.00586560368538, -0.47161877155304, 0.81693023443222, -0.00424890965223
0.21386145055294, 0.65910094976425, 0.28707858920097, -0.35546657443047, -0.00587676512077, -2.68460607528687, -0.65532022714615, 0.8272500038147, 0.12721829116344, -0.49684768915176, 1.50911247730255, 0.23245131969452, -0.98412483930588, 1.30322229862213, 0.11029418557882, 0, 0, 0, 0, 0, 0, -0.57230508327484, 0.90788865089417, 0.07907116413116, 0.17184881865978, 0.09820558875799, 2.2561674118042, 0.09689636528492, 0.05140437930822, -0.08581595867872, 0.18003033101559, 0.01057344861329, -0.01793964579701, 0.18986248970032, 0.00659136381, 0.00940074026585, 0.17568831145763, 0.01420776173472, 0.03847927600145, 0.14762869477272, 0.02119366824627, 0.05457248166203, -0.46408641338348, 0.85136079788208, 0.14607122540474, -0.45124733448029, 0.77409118413925, 0.06210582703352, -0.45093306899071, 0.76878345012665, 0.03326573222876, -0.45653769373894, 0.78931760787964, 0.00774294883013, -0.46994671225548, 0.81782960891724, -0.00237631797791
0.26312112808228, 0.57282680273056, 0.26210457086563, -0.19132898747921, 0.06611476838589, -2.15772128105164, -0.65337610244751, 0.83071875572205, 0.12924386560917, -0.4958892762661, 1.50858092308044, 0.23468899726868, -0.98273438215256, 1.29995095729828, 0.1116574332118, 0, 0, 0, 0, 0, 0, -0.56926608085632, 0.91013371944427, 0.08087551593781, 0.1729751676321, 0.09732814878225, 2.24467539787292, 0.09689636528492, 0.05140437930822, -0.08581595867872, 0.18003033101559, 0.01057344861329, -0.01793964579701, 0.18986248970032, 0.00659136381, 0.00940074026585, 0.17568831145763, 0.01420776173472, 0.03847927600145, 0.14762869477272, 0.02119366824627, 0.05457248166203, -0.46162432432175, 0.85237681865692, 0.14775657653809, -0.44975703954697, 0.77496802806854, 0.06377643346786, -0.44953474402428, 0.76965761184692, 0.03493596240878, -0.45493331551552, 0.79025483131409, 0.00941953063011, -0.46802812814713, 0.81891775131226, -0.00068479031324
0.30801770091057, 0.4833125770092, 0.24415431916714, -0.06986930221319, 0.10416633635759, -1.62529218196869, -0.65115487575531, 0.83389008045197, 0.13113614916801, -0.49490711092949, 1.50800180435181, 0.23687899112701, -0.98165339231491, 1.29773366451263, 0.11235538870096, 0, 0, 0, 0, 0, 0, -0.56453728675842, 0.91653895378113, 0.08706557750702, 0.17299436032772, 0.09220057725906, 2.22523093223572, 0.09689636528492, 0.05140437930822, -0.08581595867872, 0.18003033101559, 0.01057344861329, -0.01793964579701, 0.18986248970032, 0.00659136381, 0.00940074026585, 0.17568831145763, 0.01420776173472, 0.03847927600145, 0.14762869477272, 0.02119366824627, 0.05457248166203, -0.45813465118408, 0.85686123371124, 0.1542425006628, -0.44759768247604, 0.77908837795258, 0.07042147219181, -0.44742584228516, 0.77372252941132, 0.04159092158079, -0.45238563418388, 0.79437267780304, 0.01602827012539, -0.46491360664368, 0.82326173782349, 0.00584954023361
0.32845970988274, 0.4379081428051, 0.23267714679241, 0.00172373873647, 0.13116604089737, -1.36537325382233, -0.64795368909836, 0.84196162223816, 0.13731428980827, -0.49396693706512, 1.50740194320679, 0.23897302150726, -0.98085856437683, 1.29650437831879, 0.11206522583961, 0, 0, 0, 0, 0, 0, -0.56018817424774, 0.92185044288635, 0.09195899963379, 0.1733326613903, 0.08786948025227, 2.20760631561279, 0.09689636528492, 0.05140437930822, -0.08581595867872, 0.18003033101559, 0.01057344861329, -0.01793964579701, 0.18986248970032, 0.00659136381, 0.00940074026585, 0.17568831145763, 0.01420776173472, 0.03847927600145, 0.14762869477272, 0.02119366824627, 0.05457248166203, -0.45492154359818, 0.86042189598083, 0.15934702754021, -0.44562563300133, 0.78237473964691, 0.07563420385122, -0.44550976157188, 0.77697110176086, 0.04681042954326, -0.45007830858231, 0.79767245054245, 0.0212163105607, -0.46209093928337, 0.82676154375076, 0.01098620891571
0.50319671630859, 1.05598926544189, 0.72201931476593, -0.2150800973177, -0.21315239369869, -2.29138398170471, -0.64494824409485, 0.84879118204117, 0.14218923449516, -0.49307191371918, 1.50674557685852, 0.24093854427338, -0.98006582260132, 1.29618549346924, 0.11116211116314, 0, 0, 0, 0, 0, 0, -0.55626976490021, 0.92639142274857, 0.09586822986603, 0.17397865653038, 0.08385778963566, 2.19010639190674, 0.09689636528492, 0.05140437930822, -0.08581595867872, 0.18003033101559, 0.01057344861329, -0.01793964579701, 0.18986248970032, 0.00659136381, 0.00940074026585, 0.17568831145763, 0.01420776173472, 0.03847927600145, 0.14762869477272, 0.02119366824627, 0.05457248166203, -0.45214319229126, 0.86321538686752, 0.16341169178486, -0.44411119818687, 0.78494906425476, 0.07977265119553, -0.44406017661095, 0.77951991558075, 0.05095348507166, -0.44824630022049, 0.80027532577515, 0.02533774077892, -0.4597459435463, 0.8295584321022, 0.01507166028023
0.46901461482048, 0.8985041975975, 0.5714356303215, -0.14680963754654, -0.15524473786354, -2.07715702056885, -0.64232516288757, 0.85484558343887, 0.14607444405556, -0.49224644899368, 1.50603461265564, 0.24278831481934, -0.97890210151672, 1.29627394676209, 0.10967788100243, 0, 0, 0, 0, 0, 0, -0.5527755022049, 0.93054097890854, 0.09911096096039, 0.17503169178963, 0.07964399456978, 2.17043733596802, 0.09689636528492, 0.05140437930822, -0.08581595867872, 0.18003033101559, 0.01057344861329, -0.01793964579701, 0.18986248970032, 0.00659136381, 0.00940074026585, 0.17568831145763, 0.01420776173472, 0.03847927600145, 0.14762869477272, 0.02119366824627, 0.05457248166203, -0.44994714856148, 0.86539423465729, 0.16677123308182, -0.44336795806885, 0.78694176673889, 0.08317974209785, -0.44339933991432, 0.78149712085724, 0.05436347424984, -0.44716188311577, 0.80231595039368, 0.028733484447, -0.4580834209919, 0.83181101083755, 0.01844280958176
0.42275187373161, 0.8046697974205, 0.45651283860207, -0.10039366036654, -0.11877597868443, -2.07075572013855, -0.64024180173874, 0.86070430278778, 0.14928549528122, -0.49142944812775, 1.50532341003418, 0.24454188346863, -0.97825413942337, 1.29601562023163, 0.10886175185442, 0, 0, 0, 0, 0, 0, -0.55222070217133, 0.93245387077332, 0.10346519947052, 0.19043858349323, 0.07197272032499, 2.14579319953918, 0.09689636528492, 0.05140437930822, -0.08581595867872, 0.18003033101559, 0.01057344861329, -0.01793964579701, 0.18986248970032, 0.00659136381, 0.00940074026585, 0.17568831145763, 0.01420776173472, 0.03847927600145, 0.14762869477272, 0.02119366824627, 0.05457248166203, -0.45130205154419, 0.86381500959396, 0.17054581642151, -0.44642919301987, 0.7863552570343, 0.08591806143522, -0.44650140404701, 0.78130221366882, 0.05703062936664, -0.44964969158173, 0.80255347490311, 0.03167416155338, -0.45978665351868, 0.83245193958282, 0.02175159007311
0.37194010615349, 0.79034322500229, 0.37838277220726, -0.06378689408302, -0.09574554115534, -2.32473969459534, -0.64159452915192, 0.86418664455414, 0.1524233520031, -0.4905598461628, 1.50460290908813, 0.24622452259064, -0.97751098871231, 1.29603290557861, 0.10742224007845, 0, 0, 0, 0, 0, 0, -0.55118536949158, 0.93531739711761, 0.10667097568512, 0.20944693684578, 0.06228040531278, 2.11480903625488, 0.09689636528492, 0.05140437930822, -0.08581595867872, 0.18003033101559, 0.01057344861329, -0.01793964579701, 0.18986248970032, 0.00659136381, 0.00940074026585, 0.17568831145763, 0.01420776173472, 0.03847927600145, 0.14762869477272, 0.02119366824627, 0.05457248166203, -0.45273745059967, 0.86240237951279, 0.17290607094765, -0.44998800754547, 0.78626585006714, 0.08699169009924, -0.45010969042778, 0.78170555830002, 0.05802253633738, -0.45248970389366, 0.80347037315369, 0.03302039206028, -0.46164089441299, 0.83383727073669, 0.02357382327318
0.0084114074707, 0.5830335021019, 0.44690337777138, 1.62310290336609, -0.38312032818794, -3.04122948646545, -0.64285331964493, 0.86909210681915, 0.15417048335075, -0.48965460062027, 1.50379025936127, 0.24788677692413, -0.97690856456757, 1.29561364650726, 0.10623167455196, 0, 0, 0, 0, 0, 0, -0.54939484596252, 0.93804216384888, 0.10956656932831, 0.22336532175541, 0.05503226444125, 2.09170389175415, 0.09689636528492, 0.05140437930822, -0.08581595867872, 0.18003033101559, 0.01057344861329, -0.01793964579701, 0.18986248970032, 0.00659136381, 0.00940074026585, 0.17568831145763, 0.01420776173472, 0.03847927600145, 0.14762869477272, 0.02119366824627, 0.05457248166203, -0.45283597707748, 0.86202275753021, 0.17508845031261, -0.45165422558784, 0.78692632913589, 0.08822792768478, -0.45181179046631, 0.78273391723633, 0.05920344591141, -0.45362263917923, 0.80486023426056, 0.03447240591049, -0.46203997731209, 0.83554869890213, 0.02538952976465
0.06552457809448, 0.78726762533188, 0.30351248383522, 2.03135418891907, -0.4245031774044, -3.78903698921204, -0.642697930336, 0.87338531017303, 0.15603189170361, -0.48856374621391, 1.50294184684753, 0.24953269958496, -0.976538002491, 1.29454791545868, 0.10473212599754, 0, 0, 0, 0, 0, 0, -0.54722476005554, 0.94082492589951, 0.11223304271698, 0.23561336100101, 0.04859197884798, 2.07108569145203, 0.09689636528492, 0.05140437930822, -0.08581595867872, 0.18003033101559, 0.01057344861329, -0.01793964579701, 0.18986248970032, 0.00659136381, 0.00940074026585, 0.17568831145763, 0.01420776173472, 0.03847927600145, 0.14762869477272, 0.02119366824627, 0.05457248166203, -0.45238047838211, 0.86209642887115, 0.17705641686916, -0.45258948206902, 0.78796672821045, 0.0893616899848, -0.45277953147888, 0.78410291671753, 0.06029181554914, -0.45408642292023, 0.80653691291809, 0.03580740094185, -0.46185058355331, 0.83749258518219, 0.02705533057451
0.18129585683346, 0.65674775838852, 0.29709485173225, 1.50796115398407, -0.27428114414215, -2.8001561164856, -0.64193105697632, 0.87759751081467, 0.15781824290752, -0.48743486404419, 1.50214385986328, 0.25111794471741, -0.97731781005859, 1.29297411441803, 0.10338363796473, 0, 0, 0, 0, 0, 0, -0.54790055751801, 0.93870520591736, 0.11600005626678, 0.25199413299561, 0.04552301764488, 2.05519914627075, 0.09689636528492, 0.05140437930822, -0.08581595867872, 0.18003033101559, 0.01057344861329, -0.01793964579701, 0.18986248970032, 0.00659136381, 0.00940074026585, 0.17568831145763, 0.01420776173472, 0.03847927600145, 0.14762869477272, 0.02119366824627, 0.05457248166203, -0.45430070161819, 0.85744965076447, 0.17950034141541, -0.45576480031013, 0.78471386432648, 0.09065794199705, -0.4560359120369, 0.78130882978439, 0.06153140962124, -0.45699542760849, 0.80414122343063, 0.03740180283785, -0.46426346898079, 0.83535146713257, 0.0291415527463
0.2377295345068, 0.62711471319199, 0.28290331363678, 1.34216034412384, -0.20984955132008, -2.48075222969055, -0.64358800649643, 0.87631154060364, 0.16067597270012, -0.48624688386917, 1.50132858753204, 0.25267279148102, -0.97990083694458, 1.29025304317474, 0.10215415805578, 0, 0, 0, 0, 0, 0, -0.54760944843292, 0.93820351362228, 0.1192170381546, 0.26986461877823, 0.04185438901186, 2.03730940818787, 0.09689636528492, 0.05140437930822, -0.08581595867872, 0.18003033101559, 0.01057344861329, -0.01793964579701, 0.18986248970032, 0.00659136381, 0.00940074026585, 0.17568831145763, 0.01420776173472, 0.03847927600145, 0.14762869477272, 0.02119366824627, 0.05457248166203, -0.45544159412384, 0.85419857501984, 0.18121649324894, -0.45828905701637, 0.78303122520447, 0.09114583581686, -0.45864468812943, 0.78013038635254, 0.06196568906307, -0.45921093225479, 0.80338579416275, 0.03823082894087, -0.46592083573341, 0.83485877513885, 0.03051310777664
-0.09065150469542, -0.03775834664702, 0.45306441187859, 1.87736320495605, 0.09172256290913, -1.94243133068085, -0.64437234401703, 0.87679100036621, 0.16292558610439, -0.48502165079117, 1.50036609172821, 0.25421249866486, -0.98341512680054, 1.2866644859314, 0.10143168270588, 0, 0, 0, 0, 0, 0, -0.54669833183289, 0.93873417377472, 0.12215673923492, 0.28897005319595, 0.03753641620278, 2.01756310462952, 0.09689636528492, 0.05140437930822, -0.08581595867872, 0.18003033101559, 0.01057344861329, -0.01793964579701, 0.18986248970032, 0.00659136381, 0.00940074026585, 0.17568831145763, 0.01420776173472, 0.03847927600145, 0.14762869477272, 0.02119366824627, 0.05457248166203, -0.45614731311798, 0.85180550813675, 0.18248584866524, -0.46048384904861, 0.78237253427505, 0.09113010764122, -0.46092426776886, 0.7800150513649, 0.06190220266581, -0.46105402708054, 0.80370861291885, 0.03859819471836, -0.46714890003204, 0.83544397354126, 0.03146723657846
0.02858876995742, 0.18229721486568, 0.39274868369102, 2.05090832710266, 0.11356462538242, -2.16489672660828, -0.64461272954941, 0.8784493803978, 0.16485932469368, -0.48383560776711, 1.49941372871399, 0.2557008266449, -0.98628312349319, 1.28346526622772, 0.1005150154233, 0, 0, 0, 0, 0, 0, -0.54530358314514, 0.93981111049652, 0.1249988079071, 0.30681821703911, 0.03310907259583, 1.99852085113525, 0.09689636528492, 0.05140437930822, -0.08581595867872, 0.18003033101559, 0.01057344861329, -0.01793964579701, 0.18986248970032, 0.00659136381, 0.00940074026585, 0.17568831145763, 0.01420776173472, 0.03847927600145, 0.14762869477272, 0.02119366824627, 0.05457248166203, -0.45634523034096, 0.8501695394516, 0.18370559811592, -0.46207982301712, 0.78241223096848, 0.09117624163628, -0.46259379386902, 0.78056663274765, 0.06191275268793, -0.46230065822601, 0.80465579032898, 0.03901945054531, -0.46780401468277, 0.83661818504333, 0.03244286775589
0.10760306566954, 0.32925364375114, 0.36634680628777, 2.20135569572449, 0.13545988500118, -2.36793565750122, -0.64429306983948, 0.88065314292908, 0.16678890585899, -0.48264333605766, 1.49845945835114, 0.25718402862549, -0.98938375711441, 1.27937459945679, 0.10029773414135, 0, 0, 0, 0, 0, 0, -0.54696559906006, 0.93256467580795, 0.1265743970871, 0.34309330582619, 0.03420897200704, 1.98898530006409, 0.09689636528492, 0.05140437930822, -0.08581595867872, 0.18003033101559, 0.01057344861329, -0.01793964579701, 0.18986248970032, 0.00659136381, 0.00940074026585, 0.17568831145763, 0.01420776173472, 0.03847927600145, 0.14762869477272, 0.02119366824627, 0.05457248166203, -0.45870581269264, 0.8399692773819, 0.18163779377937, -0.46550595760345, 0.77564531564713, 0.08675997704268, -0.46615481376648, 0.77485859394073, 0.05745157599449, -0.46570360660553, 0.79975128173828, 0.0354372933507, -0.47090265154839, 0.8319838643074, 0.03003692626953
0.17078875005245, 0.38295504450798, 0.35983082652092, 2.06417798995972, 0.13949593901634, -2.25971293449402, -0.64639437198639, 0.87295246124268, 0.16664054989815, -0.48145285248756, 1.49753057956696, 0.25860810279846, -0.99168711900711, 1.27607810497284, 0.10046923160553, 0, 0, 0, 0, 0, 0, -0.54745078086853, 0.92741739749908, 0.12860512733459, 0.36975154280663, 0.03452979773283, 1.98104918003082, 0.09689636528492, 0.05140437930822, -0.08581595867872, 0.18003033101559, 0.01057344861329, -0.01793964579701, 0.18986248970032, 0.00659136381, 0.00940074026585, 0.17568831145763, 0.01420776173472, 0.03847927600145, 0.14762869477272, 0.02119366824627, 0.05457248166203, -0.4598071873188, 0.83267080783844, 0.18092492222786, -0.46742933988571, 0.77093237638474, 0.08440607786179, -0.46817210316658, 0.77092498540878, 0.05508935451508, -0.46757769584656, 0.79638546705246, 0.03373782336712, -0.47252222895622, 0.82879143953323, 0.02920597791672
-0.18892048299313, -0.78408473730087, 0.26053726673126, 4.31214570999146, 0.49712494015694, -1.22924137115479, -0.64725631475449, 0.86759638786316, 0.16740328073502, -0.48025640845299, 1.49652755260468, 0.25997626781464, -0.99284529685974, 1.27271413803101, 0.10189654678106, 0, 0, 0, 0, 0, 0, -0.55056929588318, 0.91722273826599, 0.13117647171021, 0.39191117882729, 0.03682576864958, 1.97887051105499, 0.09689636528492, 0.05140437930822, -0.08581595867872, 0.18003033101559, 0.01057344861329, -0.01793964579701, 0.18986248970032, 0.00659136381, 0.00940074026585, 0.17568831145763, 0.01420776173472, 0.03847927600145, 0.14762869477272, 0.02119366824627, 0.05457248166203, -0.46303525567055, 0.82110118865967, 0.1811175942421, -0.47112980484962, 0.76152992248535, 0.08328424394131, -0.47196269035339, 0.76217180490494, 0.05397695302963, -0.47136148810387, 0.78809571266174, 0.03319071233273, -0.47622767090797, 0.82060742378235, 0.02939061820507
-0.04934548959136, -0.54413795471191, 0.29893931746483, 3.16705846786499, 0.37087580561638, -1.00206995010376, -0.65042495727539, 0.8568372130394, 0.16895793378353, -0.47913265228271, 1.49570822715759, 0.2613023519516, -0.99321955442429, 1.27127432823181, 0.10110829770565, 0, 0, 0, 0, 0, 0, -0.55212438106537, 0.90978181362152, 0.13397645950317, 0.40738061070442, 0.03823237121105, 1.97686755657196, 0.09689636528492, 0.05140437930822, -0.08581595867872, 0.18003033101559, 0.01057344861329, -0.01793964579701, 0.18986248970032, 0.00659136381, 0.00940074026585, 0.17568831145763, 0.01420776173472, 0.03847927600145, 0.14762869477272, 0.02119366824627, 0.05457248166203, -0.46471720933914, 0.81269252300262, 0.18223962187767, -0.47316914796829, 0.75465375185013, 0.08351939171553, -0.47406396269798, 0.75574862957001, 0.05422735959291, -0.47344455122948, 0.78198784589767, 0.03384116292, -0.47823956608772, 0.81456583738327, 0.03055249154568
-0.36678311228752, -1.22657763957977, 0.36345538496971, 2.64929461479187, 0.37273344397545, -0.33757552504539, -0.65204501152039, 0.84906250238419, 0.17104440927505, -0.47794830799103, 1.49484002590179, 0.26266741752625, -0.99374133348465, 1.26896166801453, 0.10150148719549, 0, 0, 0, 0, 0, 0, -0.55258309841156, 0.90454143285751, 0.13673973083496, 0.42115533351898, 0.03932229802012, 1.97469806671143, 0.09689636528492, 0.05140437930822, -0.08581595867872, 0.18003033101559, 0.01057344861329, -0.01793964579701, 0.18986248970032, 0.00659136381, 0.00940074026585, 0.17568831145763, 0.01420776173472, 0.03847927600145, 0.14762869477272, 0.02119366824627, 0.05457248166203, -0.46532827615738, 0.80658185482025, 0.18349659442902, -0.47411918640137, 0.7499213218689, 0.08400829136372, -0.47506827116013, 0.75141936540604, 0.05473581701517, -0.47442206740379, 0.7779335975647, 0.03470940887928, -0.47914099693298, 0.81056541204453, 0.03187635540962
-0.18110989034176, -0.88883394002914, 0.37457939982414, 1.84491038322449, 0.26205277442932, -0.29063782095909, -0.65258485078812, 0.84357082843781, 0.17317110300064, -0.47675314545631, 1.49409329891205, 0.26398873329163, -0.9941868185997, 1.26829528808594, 0.09915087372065, 0, 0, 0, 0, 0, 0, -0.55240046977997, 0.90083003044128, 0.13933312892914, 0.43891626596451, 0.0405240021646, 1.97145712375641, 0.09689636528492, 0.05140437930822, -0.08581595867872, 0.18003033101559, 0.01057344861329, -0.01793964579701, 0.18986248970032, 0.00659136381, 0.00940074026585, 0.17568831145763, 0.01420776173472, 0.03847927600145, 0.14762869477272, 0.02119366824627, 0.05457248166203, -0.46538865566254, 0.80174517631531, 0.18413062393665, -0.47463846206665, 0.74687999486923, 0.08368226885796, -0.47565579414368, 0.7488973736763, 0.05444330722094, -0.47496265172958, 0.77575808763504, 0.03488567471504, -0.47956874966621, 0.8084517121315, 0.03264035284519
-0.04990338906646, -0.62023395299911, 0.36626991629601, 1.6439266204834, 0.23578833043575, -0.30242002010345, -0.65253341197968, 0.83958995342255, 0.17494270205498, -0.47553333640099, 1.49329328536987, 0.26537573337555, -0.9952444434166, 1.26624310016632, 0.09830095618963, 0, 0, 0, 0, 0, 0, -0.55187320709229, 0.89813536405563, 0.14174902439117, 0.46228674054146, 0.04182096943259, 1.96665406227112, 0.09689636528492, 0.05140437930822, -0.08581595867872, 0.18003033101559, 0.01057344861329, -0.01793964579701, 0.18986248970032, 0.00659136381, 0.00940074026585, 0.17568831145763, 0.01420776173472, 0.03847927600145, 0.14762869477272, 0.02119366824627, 0.05457248166203, -0.46524125337601, 0.7975839972496, 0.18393912911415, -0.47511699795723, 0.74511110782623, 0.08227947354317, -0.47622087597847, 0.74781101942062, 0.05309876054525, -0.4754498898983, 0.77511382102966, 0.03416623920202, -0.47988942265511, 0.80787444114685, 0.03269466012716
0.02888917736709, -0.42876717448235, 0.35644587874413, 2.11334419250488, 0.30603048205376, -0.4378445148468, -0.65221154689789, 0.83661204576492, 0.17627581954002, -0.4742211997509, 1.4924510717392, 0.26667869091034, -0.99648767709732, 1.26430833339691, 0.0982391089201, 0, 0, 0, 0, 0, 0, -0.55114889144897, 0.89605396986008, 0.14407527446747, 0.48810157179832, 0.04290900379419, 1.96077370643616, 0.09689636528492, 0.05140437930822, -0.08581595867872, 0.18003033101559, 0.01057344861329, -0.01793964579701, 0.18986248970032, 0.00659136381, 0.00940074026585, 0.17568831145763, 0.01420776173472, 0.03847927600145, 0.14762869477272, 0.02119366824627, 0.05457248166203, -0.46500331163406, 0.79391521215439, 0.18334737420082, -0.47558867931366, 0.74412286281586, 0.08041883260012, -0.4767832159996, 0.7475751042366, 0.05132111907005, -0.47590845823288, 0.7753478884697, 0.03308967500925, -0.48014479875565, 0.80816262960434, 0.03247292339802
0.07297753542662, -0.29552933573723, 0.35036441683769, 2.78224539756775, 0.40685778856277, -0.63411784172058, -0.65174847841263, 0.83429783582687, 0.17740547657013, -0.4730076789856, 1.49173402786255, 0.26797878742218, -0.99833762645721, 1.26187479496002, 0.09821835905313, 0, 0, 0, 0, 0, 0, -0.55294382572174, 0.88645529747009, 0.14583933353424, 0.50188267230988, 0.04838334023952, 1.97061562538147, 0.09689636528492, 0.05140437930822, -0.08581595867872, 0.18003033101559, 0.01057344861329, -0.01793964579701, 0.18986248970032, 0.00659136381, 0.00940074026585, 0.17568831145763, 0.01420776173472, 0.03847927600145, 0.14762869477272, 0.02119366824627, 0.05457248166203, -0.46594861149788, 0.78446567058563, 0.18359681963921, -0.4762225151062, 0.73605215549469, 0.07998122274876, -0.47746959328651, 0.73990631103516, 0.05093621462584, -0.4768331348896, 0.76794058084488, 0.03309933841228, -0.48133289813995, 0.80072569847107, 0.03295059502125
0.09836196154356, -0.21333216130733, 0.34723874926567, 3.06966042518616, 0.45359119772911, -0.75841647386551, -0.65301650762558, 0.82342779636383, 0.17836610972881, -0.47171446681023, 1.49104988574982, 0.2692449092865, -0.99971771240234, 1.25911593437195, 0.09946432709694, 0, 0, 0, 0, 0, 0, -0.55368149280548, 0.87918043136597, 0.1478865146637, 0.51607608795166, 0.05362952873111, 1.97940504550934, 0.09689636528492, 0.05140437930822, -0.08581595867872, 0.18003033101559, 0.01057344861329, -0.01793964579701, 0.18986248970032, 0.00659136381, 0.00940074026585, 0.17568831145763, 0.01420776173472, 0.03847927600145, 0.14762869477272, 0.02119366824627, 0.05457248166203, -0.4659429192543, 0.77725869417191, 0.18407472968102, -0.47598588466644, 0.73028898239136, 0.07977419346571, -0.47728908061981, 0.7345569729805, 0.05078957974911, -0.47686511278152, 0.76285171508789, 0.03336244821548, -0.48159226775169, 0.79560345411301, 0.03369546681643
-0.21640060842037, -1.30702245235443, 0.22892294824123, 1.69948673248291, 0.09586977958679, 0.96293365955353, -0.65328168869019, 0.8149921298027, 0.17958289384842, -0.47058999538422, 1.49044060707092, 0.27039647102356, -1.00096225738525, 1.25599801540375, 0.10071486979723, 0, 0, 0, 0, 0, 0, -0.55376470088959, 0.8735738992691, 0.15007305145264, 0.52941411733627, 0.05822357535362, 1.98654913902283, 0.09689636528492, 0.05140437930822, -0.08581595867872, 0.18003033101559, 0.01057344861329, -0.01793964579701, 0.18986248970032, 0.00659136381, 0.00940074026585, 0.17568831145763, 0.01420776173472, 0.03847927600145, 0.14762869477272, 0.02119366824627, 0.05457248166203, -0.46543577313423, 0.77164632081985, 0.18477821350098, -0.47533464431763, 0.72605174779892, 0.07985556125641, -0.47669184207916, 0.73070812225342, 0.0509332716465, -0.47644001245499, 0.75924015045166, 0.03389401733875, -0.48134452104568, 0.79195809364319, 0.03467924892902
-0.08771180361509, -1.01298093795776, 0.26338398456573, 1.74641680717468, 0.11546996980906, 0.832255423069, -0.65298128128052, 0.80841761827469, 0.18098790943623, -0.469517827034, 1.48988246917725, 0.27157807350159, -1.00190043449402, 1.25247943401337, 0.10202018171549, 0, 0, 0, 0, 0, 0, -0.5534759759903, 0.86903816461563, 0.15233623981476, 0.54131245613098, 0.06204465031624, 1.99204778671265, 0.09689636528492, 0.05140437930822, -0.08581595867872, 0.18003033101559, 0.01057344861329, -0.01793964579701, 0.18986248970032, 0.00659136381, 0.00940074026585, 0.17568831145763, 0.01420776173472, 0.03847927600145, 0.14762869477272, 0.02119366824627, 0.05457248166203, -0.46470403671265, 0.76705133914948, 0.18571151793003, -0.47452959418297, 0.72269648313522, 0.08025193214417, -0.47593548893929, 0.72769868373871, 0.05138977617025, -0.47581550478935, 0.75643658638, 0.03469857573509, -0.48084998130798, 0.78912258148193, 0.03588654845953
-0.00798940658569, -0.78799718618393, 0.27914106845856, 1.64015281200409, 0.12329391390085, 0.65251511335373, -0.65239894390106, 0.80311328172684, 0.18255469202995, -0.46848380565643, 1.48937106132507, 0.27280163764954, -1.00291776657104, 1.24894380569458, 0.10307613760233, 0, 0, 0, 0, 0, 0, -0.55665874481201, 0.86273229122162, 0.15291368961334, 0.55159318447113, 0.07203360646963, 2.01454067230225, 0.09689636528492, 0.05140437930822, -0.08581595867872, 0.18003033101559, 0.01057344861329, -0.01793964579701, 0.18986248970032, 0.00659136381, 0.00940074026585, 0.17568831145763, 0.01420776173472, 0.03847927600145, 0.14762869477272, 0.02119366824627, 0.05457248166203, -0.46606916189194, 0.76202386617661, 0.18527138233185, -0.47490474581718, 0.71871709823608, 0.07928992062807, -0.47635692358017, 0.72402572631836, 0.05048485845327, -0.47674179077148, 0.75295197963715, 0.03412628173828, -0.48238182067871, 0.78552347421646, 0.03568188846111
0.03716468438506, -0.63441747426987, 0.28678712248802, 1.45517885684967, 0.12155190110207, 0.47935405373573, -0.65439361333847, 0.79464626312256, 0.18219138681889, -0.46740818023682, 1.4888790845871, 0.27403903007507, -1.00386226177216, 1.24605917930603, 0.10348612070084, 0, 0, 0, 0, 0, 0, -0.5583359003067, 0.85730475187302, 0.15399658679962, 0.56278109550476, 0.08207780867815, 2.03620624542236, 0.09689636528492, 0.05140437930822, -0.08581595867872, 0.18003033101559, 0.01057344861329, -0.01793964579701, 0.18986248970032, 0.00659136381, 0.00940074026585, 0.17568831145763, 0.01420776173472, 0.03847927600145, 0.14762869477272, 0.02119366824627, 0.05457248166203, -0.46604198217392, 0.75779449939728, 0.1852251291275, -0.4739810526371, 0.71567684412003, 0.07869490236044, -0.47548827528954, 0.72132128477097, 0.04995658248663, -0.47635743021965, 0.75043988227844, 0.03396195173264, -0.48256796598434, 0.78288578987122, 0.03591781109571
-0.3820466697216, -1.06478691101074, 0.04103064164519, 1.38939094543457, -0.20346513390541, 2.21860647201538, -0.65490370988846, 0.78715944290161, 0.18226820230484, -0.46628561615944, 1.48844158649445, 0.27543437480927, -1.00514709949493, 1.24300992488861, 0.10412131994963, 0, 0, 0, 0, 0, 0, -0.55920469760895, 0.85262632369995, 0.15543973445892, 0.57285058498383, 0.09046725928783, 2.05352330207825, 0.09689636528492, 0.05140437930822, -0.08581595867872, 0.18003033101559, 0.01057344861329, -0.01793964579701, 0.18986248970032, 0.00659136381, 0.00940074026585, 0.17568831145763, 0.01420776173472, 0.03847927600145, 0.14762869477272, 0.02119366824627, 0.05457248166203, -0.46558436751366, 0.75404077768326, 0.18563586473465, -0.47285628318787, 0.71302449703217, 0.07862932980061, -0.47441625595093, 0.71897208690643, 0.04995504766703, -0.47567018866539, 0.74825489521027, 0.03428910672665, -0.48232573270798, 0.78058874607086, 0.03660470992327
-0.19558666646481, -0.9461116194725, 0.10203122347593, 1.50767469406128, -0.16952426731586, 2.09596872329712, -0.65482765436172, 0.78085243701935, 0.18282143771648, -0.46519291400909, 1.48810279369354, 0.27685618400574, -1.006667137146, 1.23998820781708, 0.10404948890209, 0, 0, 0, 0, 0, 0, -0.55965805053711, 0.84850913286209, 0.15715563297272, 0.58081328868866, 0.09663363546133, 2.06573367118835, 0.09689636528492, 0.05140437930822, -0.08581595867872, 0.18003033101559, 0.01057344861329, -0.01793964579701, 0.18986248970032, 0.00659136381, 0.00940074026585, 0.17568831145763, 0.01420776173472, 0.03847927600145, 0.14762869477272, 0.02119366824627, 0.05457248166203, -0.46512407064438, 0.75054770708084, 0.18652507662773, -0.47195988893509, 0.71041703224182, 0.07915460318327, -0.47356304526329, 0.71660417318344, 0.05053342878819, -0.47508653998375, 0.74601191282272, 0.03512750566006, -0.48204830288887, 0.77825957536697, 0.03772662580013
-0.0957512781024, -0.79525703191757, 0.15036104619503, 1.35421741008759, -0.11084286868572, 1.64089906215668, -0.65461099147797, 0.77559494972229, 0.18384766578674, -0.46409830451012, 1.48778986930847, 0.27822411060333, -1.007981300354, 1.23691236972809, 0.10418044775724, 0, 0, 0, 0, 0, 0, -0.56135940551758, 0.84703940153122, 0.15728294849396, 0.58481508493423, 0.1038025021553, 2.07990121841431, 0.09689636528492, 0.05140437930822, -0.08581595867872, 0.18003033101559, 0.01057344861329, -0.01793964579701, 0.18986248970032, 0.00659136381, 0.00940074026585, 0.17568831145763, 0.01420776173472, 0.03847927600145, 0.14762869477272, 0.02119366824627, 0.05457248166203, -0.46573531627655, 0.75000834465027, 0.18620857596397, -0.47204998135567, 0.71035814285278, 0.07862793654203, -0.47370624542236, 0.71667444705963, 0.05003803223372, -0.4755547940731, 0.7461422085762, 0.03478311002254, -0.48288434743881, 0.77829480171204, 0.03754405677319
-0.04629850015044, -0.65786355733871, 0.18973945081234, 1.06419122219086, -0.05909969285131, 1.13182747364044, -0.65549314022064, 0.77291357517242, 0.18353578448296, -0.46299946308136, 1.48750054836273, 0.27957797050476, -1.00891935825348, 1.23372530937195, 0.10446185618639, 0, 0, 0, 0, 0, 0, -0.56234419345856, 0.84497678279877, 0.15792036056519, 0.59015345573425, 0.11143900454044, 2.0944561958313, 0.09689636528492, 0.05140437930822, -0.08581595867872, 0.18003033101559, 0.01057344861329, -0.01793964579701, 0.18986248970032, 0.00659136381, 0.00940074026585, 0.17568831145763, 0.01420776173472, 0.03847927600145, 0.14762869477272, 0.02119366824627, 0.05457248166203, -0.46562460064888, 0.74885976314545, 0.18624921143055, -0.47144174575806, 0.70985174179077, 0.07840602844954, -0.47315910458565, 0.71633756160736, 0.04985770583153, -0.47533959150314, 0.74588239192963, 0.03479690849781, -0.48303860425949, 0.77792978286743, 0.03776675462723
-0.19250391423702, -0.36041018366814, -0.00019848345255, 0.6235266327858, -0.07563459128141, 1.36799764633179, -0.6556316614151, 0.76960426568985, 0.18363882601261, -0.46197390556335, 1.48730778694153, 0.28091788291931, -1.01000785827637, 1.23004007339478, 0.1051003485918, 0, 0, 0, 0, 0, 0, -0.56296002864838, 0.84260892868042, 0.15888905525208, 0.59624946117401, 0.11877746880054, 2.10791301727295, 0.09689636528492, 0.05140437930822, -0.08581595867872, 0.18003033101559, 0.01057344861329, -0.01793964579701, 0.18986248970032, 0.00659136381, 0.00940074026585, 0.17568831145763, 0.01420776173472, 0.03847927600145, 0.14762869477272, 0.02119366824627, 0.05457248166203, -0.46525168418884, 0.74729603528976, 0.18653354048729, -0.47064766287804, 0.70902216434479, 0.0784058123827, -0.47242814302444, 0.71569907665253, 0.04990545660257, -0.47491309046745, 0.7453293800354, 0.03506132215261, -0.4829449057579, 0.77727252244949, 0.03826446831226
-0.10379790514708, -0.43619152903557, 0.06111681088805, 0.79197287559509, -0.05164613202214, 1.37479913234711, -0.65546351671219, 0.76608520746231, 0.18403315544128, -0.46101465821266, 1.48708891868591, 0.28230488300323, -1.01062846183777, 1.22500741481781, 0.10763617604971, 0, 0, 0, 0, 0, 0, -0.5633819103241, 0.84006023406982, 0.16010630130768, 0.60263013839722, 0.12547573447227, 2.11972308158875, 0.09689636528492, 0.05140437930822, -0.08581595867872, 0.18003033101559, 0.01057344861329, -0.01793964579701, 0.18986248970032, 0.00659136381, 0.00940074026585, 0.17568831145763, 0.01420776173472, 0.03847927600145, 0.14762869477272, 0.02119366824627, 0.05457248166203, -0.46482720971107, 0.74541562795639, 0.18703299760818, -0.46988973021507, 0.70790946483612, 0.07862048596144, -0.47173151373863, 0.71478444337845, 0.05017115175724, -0.47448113560677, 0.74450224637985, 0.03555029630661, -0.48279672861099, 0.77634763717651, 0.0389936119318
-0.05852222070098, -0.45779940485954, 0.10229586809874, 0.88142812252045, -0.02219947054982, 1.24786186218262, -0.65519887208939, 0.76252925395966, 0.18467432260513, -0.46014714241028, 1.48690187931061, 0.28367507457733, -1.01081395149231, 1.22004318237305, 0.11007928848267, 0, 0, 0, 0, 0, 0, -0.5649226307869, 0.83999133110046, 0.15959060192108, 0.61380124092102, 0.12846283614635, 2.12926840782166, 0.09689636528492, 0.05140437930822, -0.08581595867872, 0.18003033101559, 0.01057344861329, -0.01793964579701, 0.18986248970032, 0.00659136381, 0.00940074026585, 0.17568831145763, 0.01420776173472, 0.03847927600145, 0.14762869477272, 0.02119366824627, 0.05457248166203, -0.46583265066147, 0.74565517902374, 0.18562030792236, -0.4703928232193, 0.70943003892899, 0.07675083726645, -0.47220924496651, 0.71663641929626, 0.04838199913502, -0.47511261701584, 0.74651062488556, 0.03411388397217, -0.48363924026489, 0.77825874090195, 0.03792032599449
-0.03554821014404, -0.45729157328606, 0.13393521308899, 0.89806199073792, 0.0042003900744, 1.06291234493256, -0.65630316734314, 0.76158857345581, 0.18299131095409, -0.45923814177513, 1.48679518699646, 0.28499031066895, -1.01103854179382, 1.21610295772552, 0.11207087337971, 0, 0, 0, 0, 0, 0, -0.56606066226959, 0.83931601047516, 0.15954673290253, 0.62469005584717, 0.13169848918915, 2.13816094398499, 0.09689636528492, 0.05140437930822, -0.08581595867872, 0.18003033101559, 0.01057344861329, -0.01793964579701, 0.18986248970032, 0.00659136381, 0.00940074026585, 0.17568831145763, 0.01420776173472, 0.03847927600145, 0.14762869477272, 0.02119366824627, 0.05457248166203, -0.46647661924362, 0.74525266885757, 0.18466222286224, -0.47062137722969, 0.7102826833725, 0.0753665715456, -0.47242575883865, 0.71781104803085, 0.04708071053028, -0.47547468543053, 0.74783354997635, 0.03315836191177, -0.48419183492661, 0.7794851064682, 0.03732022643089
-0.1788425296545, -0.13118505477905, -0.12107490748167, 1.450963139534, -0.29555141925812, 0.76698076725006, -0.65703076124191, 0.76011914014816, 0.18184703588486, -0.45868483185768, 1.48670887947083, 0.28648138046265, -1.01111686229706, 1.21129429340363, 0.11466813087463, 0, 0, 0, 0, 0, 0, -0.56698346138, 0.83823764324188, 0.15985488891602, 0.6349903345108, 0.13503150641918, 2.14626383781433, 0.09689636528492, 0.05140437930822, -0.08581595867872, 0.18003033101559, 0.01057344861329, -0.01793964579701, 0.18986248970032, 0.00659136381, 0.00940074026585, 0.17568831145763, 0.01420776173472, 0.03847927600145, 0.14762869477272, 0.02119366824627, 0.05457248166203, -0.46695387363434, 0.74441206455231, 0.18407319486141, -0.47076499462128, 0.71063482761383, 0.07439097762108, -0.47256803512573, 0.71846687793732, 0.04618760943413, -0.47575125098228, 0.7486258149147, 0.03259415924549, -0.48463648557663, 0.78018438816071, 0.03709352016449
-0.12959718704224, -0.19364832341671, -0.05704879388213, 1.40942752361298, -0.23138590157032, 0.69277387857437, -0.65757757425308, 0.7583344578743, 0.18114310503006, -0.45805838704109, 1.48660778999329, 0.2879387140274, -1.01100564002991, 1.20721936225891, 0.11683984100819, 0, 0, 0, 0, 0, 0, -0.5677809715271, 0.83685457706451, 0.16044640541077, 0.6446225643158, 0.13837166130543, 2.15361833572388, 0.09689636528492, 0.05140437930822, -0.08581595867872, 0.18003033101559, 0.01057344861329, -0.01793964579701, 0.18986248970032, 0.00659136381, 0.00940074026585, 0.17568831145763, 0.01420776173472, 0.03847927600145, 0.14762869477272, 0.02119366824627, 0.05457248166203, -0.46735161542892, 0.74323713779449, 0.18380035459995, -0.47089672088623, 0.7105798125267, 0.07377059012651, -0.47270631790161, 0.71869510412216, 0.04564782232046, -0.47601234912872, 0.74897837638855, 0.03236365318298, -0.48504531383514, 0.78044813871384, 0.03717964887619
-0.1033401414752, -0.23024795949459, -0.00737786246464, 1.33211803436279, -0.17315010726452, 0.61566811800003, -0.65803343057632, 0.75632607936859, 0.18080964684486, -0.45764026045799, 1.48654794692993, 0.28939402103424, -1.01137042045593, 1.20344877243042, 0.11957898736, 0, 0, 0, 0, 0, 0, -0.56882292032242, 0.83773458003998, 0.15930914878845, 0.65296185016632, 0.13565447926521, 2.15398955345154, 0.09689636528492, 0.05140437930822, -0.08581595867872, 0.18003033101559, 0.01057344861329, -0.01793964579701, 0.18986248970032, 0.00659136381, 0.00940074026585, 0.17568831145763, 0.01420776173472, 0.03847927600145, 0.14762869477272, 0.02119366824627, 0.05457248166203, -0.46854087710381, 0.74384039640427, 0.18217997252941, -0.47178918123245, 0.71210050582886, 0.0718729197979, -0.47350919246674, 0.7204504609108, 0.04381331056356, -0.47675085067749, 0.75084578990936, 0.03077137470245, -0.4857716858387, 0.78228223323822, 0.03582192957401
-0.08820533007383, -0.25591850280762, 0.03300547599792, 1.23723137378693, -0.12563152611256, 0.54195368289948, -0.65920209884644, 0.75711739063263, 0.17873786389828, -0.45722424983978, 1.48644983768463, 0.29081785678864, -1.01110374927521, 1.19997453689575, 0.12136024981737, 0, 0, 0, 0, 0, 0, -0.56967949867249, 0.83805578947067, 0.15866112709045, 0.66051238775253, 0.13395898044109, 2.15486836433411, 0.09689636528492, 0.05140437930822, -0.08581595867872, 0.18003033101559, 0.01057344861329, -0.01793964579701, 0.18986248970032, 0.00659136381, 0.00940074026585, 0.17568831145763, 0.01420776173472, 0.03847927600145, 0.14762869477272, 0.02119366824627, 0.05457248166203, -0.46947851777077, 0.74395763874054, 0.18104362487793, -0.4724905192852, 0.71305531263351, 0.07049230486155, -0.47414517402649, 0.72161817550659, 0.0424929857254, -0.47734808921814, 0.75211250782013, 0.02967450022697, -0.48637026548386, 0.78351283073425, 0.03494293242693
-0.13290882110596, 0.10134457796812, -0.19892691075802, 0.99909919500351, -0.3532078564167, -0.10012086480856, -0.66012734174728, 0.75732386112213, 0.1772768497467, -0.45678320527077, 1.48639118671417, 0.29211485385895, -1.01079940795898, 1.19718205928802, 0.12281238287687, 0, 0, 0, 0, 0, 0, -0.57044911384583, 0.83800446987152, 0.15833687782288, 0.66754573583603, 0.13293977081776, 2.15608739852905, 0.09689636528492, 0.05140437930822, -0.08581595867872, 0.18003033101559, 0.01057344861329, -0.01793964579701, 0.18986248970032, 0.00659136381, 0.00940074026585, 0.17568831145763, 0.01420776173472, 0.03847927600145, 0.14762869477272, 0.02119366824627, 0.05457248166203, -0.47028583288193, 0.74375069141388, 0.1802282333374, -0.47310143709183, 0.71363389492035, 0.06945516914129, -0.47470673918724, 0.72239530086517, 0.04151445627213, -0.47788763046265, 0.75297981500626, 0.02890709042549, -0.48691976070404, 0.78434187173843, 0.03438231348991
-0.10794638842344, 0.02835273556411, -0.12802183628082, 0.90550261735916, -0.26682186126709, -0.03885491192341, -0.66092801094055, 0.75714159011841, 0.17621889710426, -0.45642828941345, 1.48632323741913, 0.29336738586426, -1.01054608821869, 1.19445240497589, 0.12451207637787, 0, 0, 0, 0, 0, 0, -0.57117772102356, 0.83766639232635, 0.15825438499451, 0.67432188987732, 0.13238246738911, 2.15756702423096, 0.09689636528492, 0.05140437930822, -0.08581595867872, 0.18003033101559, 0.01057344861329, -0.01793964579701, 0.18986248970032, 0.00659136381, 0.00940074026585, 0.17568831145763, 0.01420776173472, 0.03847927600145, 0.14762869477272, 0.02119366824627, 0.05457248166203, -0.47102263569832, 0.74328923225403, 0.1796457618475, -0.47366690635681, 0.71393346786499, 0.06866438686848, -0.47523319721222, 0.72288620471954, 0.04078217595816, -0.47840335965157, 0.75355583429337, 0.02838052809238, -0.48745164275169, 0.78487730026245, 0.03405770659447
-0.09576558321714, -0.02019882015884, -0.08125840872526, 0.85085308551788, -0.21238216757774, 0.00169633631594, -0.66166204214096, 0.7566602230072, 0.17544673383236, -0.45611897110939, 1.48624682426453, 0.2946150302887, -1.00997388362885, 1.1917576789856, 0.12597221136093, 0, 0, 0, 0, 0, 0, -0.57132351398468, 0.83989518880844, 0.15767753124237, 0.68154662847519, 0.12069640308619, 2.14992880821228, 0.09689636528492, 0.05140437930822, -0.08581595867872, 0.18003033101559, 0.01057344861329, -0.01793964579701, 0.18986248970032, 0.00659136381, 0.00940074026585, 0.17568831145763, 0.01420776173472, 0.03847927600145, 0.14762869477272, 0.02119366824627, 0.05457248166203, -0.4719620347023, 0.74470084905624, 0.17914861440659, -0.47403788566589, 0.71607387065887, 0.06796495616436, -0.47535043954849, 0.72521513700485, 0.0401308760047, -0.47822636365891, 0.75598442554474, 0.02790547907352, -0.48710080981255, 0.78733003139496, 0.03372191637754
-0.08967875689268, -0.0574564896524, -0.04743575677276, 0.82561558485031, -0.1776952445507, 0.03016850166023, -0.66247266530991, 0.7594011425972, 0.17372554540634, -0.45588332414627, 1.48607468605042, 0.2958322763443, -1.00886023044586, 1.18976283073425, 0.12691277265549, 0, 0, 0, 0, 0, 0, -0.57152247428894, 0.84187030792236, 0.15712368488312, 0.6907462477684, 0.10763781517744, 2.14164090156555, 0.09689636528492, 0.05140437930822, -0.08581595867872, 0.18003033101559, 0.01057344861329, -0.01793964579701, 0.18986248970032, 0.00659136381, 0.00940074026585, 0.17568831145763, 0.01420776173472, 0.03847927600145, 0.14762869477272, 0.02119366824627, 0.05457248166203, -0.47303810715675, 0.74576163291931, 0.17856276035309, -0.47445377707481, 0.71808367967606, 0.0671287253499, -0.47548055648804, 0.72746741771698, 0.03936339914799, -0.47803324460983, 0.75835859775543, 0.02737608551979, -0.48672124743462, 0.78971964120865, 0.03338761627674
-0.04498958215117, 0.35852190852165, -0.18727539479733, 0.77302145957947, -0.8277216553688, -0.81696391105652, -0.66338664293289, 0.76192599534988, 0.17178265750408, -0.45578318834305, 1.48593151569366, 0.29700911045074, -1.00819039344788, 1.1876072883606, 0.12761557102203, 0, 0, 0, 0, 0, 0, -0.57175469398499, 0.84368097782135, 0.15669500827789, 0.70099520683289, 0.09477474540472, 2.13372492790222, 0.09689636528492, 0.05140437930822, -0.08581595867872, 0.18003033101559, 0.01057344861329, -0.01793964579701, 0.18986248970032, 0.00659136381, 0.00940074026585, 0.17568831145763, 0.01420776173472, 0.03847927600145, 0.14762869477272, 0.02119366824627, 0.05457248166203, -0.47412031888962, 0.74667340517044, 0.1779725253582, -0.47485917806625, 0.72007220983505, 0.06627005338669, -0.47560262680054, 0.72972786426544, 0.03858904540539, -0.47784388065338, 0.76074957847595, 0.02687971293926, -0.48635756969452, 0.79211270809174, 0.03312478214502
-0.05267142876983, 0.33483979105949, -0.20205973088741, 1.00705337524414, -0.93506079912186, -0.88851910829544, -0.66429138183594, 0.76425606012344, 0.16987226903439, -0.45574542880058, 1.48575079441071, 0.29816460609436, -1.00741171836853, 1.18578243255615, 0.1284115165472, 0, 0, 0, 0, 0, 0, -0.57200658321381, 0.84522867202759, 0.15645956993103, 0.71128952503204, 0.08331304788589, 2.12690830230713, 0.09689636528492, 0.05140437930822, -0.08581595867872, 0.18003033101559, 0.01057344861329, -0.01793964579701, 0.18986248970032, 0.00659136381, 0.00940074026585, 0.17568831145763, 0.01420776173472, 0.03847927600145, 0.14762869477272, 0.02119366824627, 0.05457248166203, -0.47511339187622, 0.74742251634598, 0.17746779322624, -0.47522357106209, 0.72191900014877, 0.06550719588995, -0.47571298480034, 0.73184907436371, 0.03791776299477, -0.47768378257751, 0.76299679279327, 0.02649798989296, -0.48605161905289, 0.79434895515442, 0.0329907387495
-0.05418061837554, 0.30949828028679, -0.18850921094418, 1.151162981987, -0.93593150377274, -0.8508528470993, -0.6651126742363, 0.76624619960785, 0.16820791363716, -0.45587086677551, 1.48553729057312, 0.29928076267242, -1.00677907466888, 1.18405616283417, 0.12931221723557, 0, 0, 0, 0, 0, 0, -0.57005774974823, 0.85246878862381, 0.156862616539, 0.71334165334702, 0.06104476004839, 2.1141631603241, 0.09689636528492, 0.05140437930822, -0.08581595867872, 0.18003033101559, 0.01057344861329, -0.01793964579701, 0.18986248970032, 0.00659136381, 0.00940074026585, 0.17568831145763, 0.01420776173472, 0.03847927600145, 0.14762869477272, 0.02119366824627, 0.05457248166203, -0.47442603111267, 0.75369298458099, 0.17907978594303, -0.47322392463684, 0.72833544015884, 0.0670924410224, -0.47323167324066, 0.7383052110672, 0.03951297700405, -0.47473895549774, 0.76948535442352, 0.02811108529568, -0.48289012908936, 0.80090945959091, 0.03453110158443
-0.0519347153604, 0.26392221450806, -0.15371380746365, 1.17416131496429, -0.84402900934219, -0.7293558716774, -0.66408497095108, 0.77438551187515, 0.16720069944859, -0.45599859952927, 1.48524343967438, 0.30034863948822, -1.00584936141968, 1.18330001831055, 0.12988474965096, 0, 0, 0, 0, 0, 0, -0.56821304559708, 0.85915571451187, 0.15762710571289, 0.71586632728577, 0.04300749674439, 2.1040096282959, 0.09689636528492, 0.05140437930822, -0.08581595867872, 0.18003033101559, 0.01057344861329, -0.01793964579701, 0.18986248970032, 0.00659136381, 0.00940074026585, 0.17568831145763, 0.01420776173472, 0.03847927600145, 0.14762869477272, 0.02119366824627, 0.05457248166203, -0.47361180186272, 0.75959086418152, 0.18071654438972, -0.47133138775826, 0.73445743322372, 0.06869543343782, -0.47094738483429, 0.74448418617249, 0.04113932698965, -0.47208213806152, 0.77569884061813, 0.0297886133194, -0.48006123304367, 0.80717217922211, 0.03618358075619
0.19868372380733, 1.01555585861206, -0.16585169732571, 0.16422559320927, -1.67316949367523, -1.17296004295349, -0.66295647621155, 0.78178709745407, 0.16672578454018, -0.45620429515839, 1.48490059375763, 0.30128693580627, -1.00450336933136, 1.18373882770538, 0.13046297430992, 0, 0, 0, 0, 0, 0, -0.56676340103149, 0.86451721191406, 0.15836918354034, 0.71917361021042, 0.02551816031337, 2.09431195259094, 0.09689636528492, 0.05140437930822, -0.08581595867872, 0.18003033101559, 0.01057344861329, -0.01793964579701, 0.18986248970032, 0.00659136381, 0.00940074026585, 0.17568831145763, 0.01420776173472, 0.03847927600145, 0.14762869477272, 0.02119366824627, 0.05457248166203, -0.47316408157349, 0.76418286561966, 0.18219901621342, -0.46982371807098, 0.73937094211578, 0.07013284415007, -0.46905905008316, 0.74947756528854, 0.04261387884617, -0.46983647346497, 0.78073382377625, 0.03134796023369, -0.4776531457901, 0.8122461438179, 0.03775137662888
0.19621609151363, 0.91877454519272, -0.08511006087065, 0.25446978211403, -1.36520874500275, -0.93434661626816, -0.66217195987701, 0.78782784938812, 0.16617596149445, -0.45650014281273, 1.48450934886932, 0.30224883556366, -1.00344634056091, 1.18427515029907, 0.13064953684807, 0, 0, 0, 0, 0, 0, -0.56569451093674, 0.86861944198608, 0.15897214412689, 0.72336935997009, 0.00787669699639, 2.08465600013733, 0.09689636528492, 0.05140437930822, -0.08581595867872, 0.18003033101559, 0.01057344861329, -0.01793964579701, 0.18986248970032, 0.00659136381, 0.00940074026585, 0.17568831145763, 0.01420776173472, 0.03847927600145, 0.14762869477272, 0.02119366824627, 0.05457248166203, -0.47310456633568, 0.76750516891479, 0.18344035744667, -0.46868148446083, 0.74312150478363, 0.07131769508123, -0.46753272414207, 0.75333321094513, 0.0438508912921, -0.46795493364334, 0.7846394777298, 0.0327056646347, -0.47561317682266, 0.81618231534958, 0.0391503572464
0.15252827107906, 0.75372928380966, -0.08515118807554, 0.36695766448975, -1.33543956279755, -0.89117443561554, -0.66174215078354, 0.79260188341141, 0.16538941860199, -0.45677107572556, 1.48403596878052, 0.30313289165497, -1.00254547595978, 1.18647563457489, 0.13017086684704, 0, 0, 0, 0, 0, 0, -0.56118386983871, 0.87665367126465, 0.16007995605469, 0.72422206401825, -0.01429449860007, 2.07142043113709, 0.09689636528492, 0.05140437930822, -0.08581595867872, 0.18003033101559, 0.01057344861329, -0.01793964579701, 0.18986248970032, 0.00659136381, 0.00940074026585, 0.17568831145763, 0.01420776173472, 0.03847927600145, 0.14762869477272, 0.02119366824627, 0.05457248166203, -0.46993678808212, 0.77460592985153, 0.18569059669971, -0.46425235271454, 0.75027132034302, 0.07361414283514, -0.46263426542282, 0.760493516922, 0.04617492854595, -0.46259677410126, 0.79181152582169, 0.03505481779575, -0.47002783417702, 0.82342350482941, 0.04142629355192
0.10962723940611, 0.60112231969833, -0.10553240031004, 0.48812186717987, -1.34965848922729, -0.8770238161087, -0.65805739164352, 0.80158740282059, 0.16513723134995, -0.45710012316704, 1.48345160484314, 0.30398952960968, -1.00208950042725, 1.18943214416504, 0.12901274859905, 0, 0, 0, 0, 0, 0, -0.55789649486542, 0.8826864361763, 0.161013007164, 0.72597193717957, -0.03458243235946, 2.05949211120605, 0.09689636528492, 0.05140437930822, -0.08581595867872, 0.18003033101559, 0.01057344861329, -0.01793964579701, 0.18986248970032, 0.00659136381, 0.00940074026585, 0.17568831145763, 0.01420776173472, 0.03847927600145, 0.14762869477272, 0.02119366824627, 0.05457248166203, -0.46788230538368, 0.7797823548317, 0.18754374980927, -0.46102634072304, 0.75561255216599, 0.07549720257521, -0.45897793769836, 0.76587241888046, 0.04810083657503, -0.45852494239807, 0.79721009731293, 0.03704539686441, -0.46575367450714, 0.82887464761734, 0.04338839650154
0.52122116088867, 1.11521244049072, -0.07317244261503, 0.10668586194515, -1.60784375667572, -1.18891823291779, -0.65548723936081, 0.80847525596619, 0.16471999883652, -0.45741078257561, 1.48288345336914, 0.30492269992828, -1.00183629989624, 1.19164669513702, 0.12745566666126, 0, 0, 0, 0, 0, 0, -0.55248653888702, 0.88736414909363, 0.16227948665619, 0.72589838504791, -0.04064190015197, 2.05710411071777, 0.09689636528492, 0.05140437930822, -0.08581595867872, 0.18003033101559, 0.01057344861329, -0.01793964579701, 0.18986248970032, 0.00659136381, 0.00940074026585, 0.17568831145763, 0.01420776173472, 0.03847927600145, 0.14762869477272, 0.02119366824627, 0.05457248166203, -0.46277603507042, 0.78429961204529, 0.18921294808388, -0.455462038517, 0.76011645793915, 0.07719824463129, -0.45327270030975, 0.77037239074707, 0.04981129616499, -0.45271426439285, 0.80170905590057, 0.0387579202652, -0.45991468429565, 0.8333865404129, 0.0450684428215
0.3800582587719, 0.85924381017685, -0.07976352423429, 0.2361074835062, -1.48697638511658, -1.06720626354218, -0.65022540092468, 0.81332755088806, 0.16554994881153, -0.45770862698555, 1.48226475715637, 0.30579376220703, -1.00203514099121, 1.19450688362122, 0.12483762204647, 0, 0, 0, 0, 0, 0, -0.54861795902252, 0.89094942808151, 0.16335821151733, 0.72706139087677, -0.04733783006668, 2.05439615249634, 0.09689636528492, 0.05140437930822, -0.08581595867872, 0.18003033101559, 0.01057344861329, -0.01793964579701, 0.18986248970032, 0.00659136381, 0.00940074026585, 0.17568831145763, 0.01420776173472, 0.03847927600145, 0.14762869477272, 0.02119366824627, 0.05457248166203, -0.45924347639084, 0.78767454624176, 0.19060115516186, -0.45142844319344, 0.76361656188965, 0.07859332114458, -0.44908481836319, 0.77390223741531, 0.05123031139374, -0.44841057062149, 0.80525147914886, 0.04021915793419, -0.45557945966721, 0.83693528175354, 0.04653412103653
0.6463765501976, 0.58869832754135, 0.08346676081419, -0.00056823313935, -0.53852772712708, -0.21549546718597, -0.64651715755463, 0.81710189580917, 0.16605715453625, -0.45806324481964, 1.48161602020264, 0.30664026737213, -1.00222265720367, 1.19623374938965, 0.12303119897842, 0, 0, 0, 0, 0, 0, -0.54571658372879, 0.89384585618973, 0.16429388523102, 0.72928196191788, -0.05448724329472, 2.05143642425537, 0.09689636528492, 0.05140437930822, -0.08581595867872, 0.18003033101559, 0.01057344861329, -0.01793964579701, 0.18986248970032, 0.00659136381, 0.00940074026585, 0.17568831145763, 0.01420776173472, 0.03847927600145, 0.14762869477272, 0.02119366824627, 0.05457248166203, -0.45670026540756, 0.79032051563263, 0.19175790250301, -0.44835510849953, 0.76650661230087, 0.07973615825176, -0.44584825634956, 0.776850938797, 0.05240975320339, -0.44505152106285, 0.80822426080704, 0.04147547483444, -0.45218688249588, 0.83990824222565, 0.04782722145319
0.46154019236565, 0.46026703715324, 0.05311309918761, 0.14931964874268, -0.58418750762939, -0.23512968420982, -0.64378237724304, 0.82019793987274, 0.16631346940994, -0.45838153362274, 1.48086631298065, 0.30734956264496, -1.00254857540131, 1.19836902618408, 0.12133748084307, 0, 0, 0, 0, 0, 0, -0.54340994358063, 0.89631277322769, 0.16512799263, 0.73231148719788, -0.06185384839773, 2.0483193397522, 0.09689636528492, 0.05140437930822, -0.08581595867872, 0.18003033101559, 0.01057344861329, -0.01793964579701, 0.18986248970032, 0.00659136381, 0.00940074026585, 0.17568831145763, 0.01420776173472, 0.03847927600145, 0.14762869477272, 0.02119366824627, 0.05457248166203, -0.45476108789444, 0.79251027107239, 0.19273407757282, -0.44587436318398, 0.76903188228607, 0.08068315684795, -0.44320094585419, 0.77945691347122, 0.05340324342251, -0.44227945804596, 0.81086277961731, 0.04257267713547, -0.4493807554245, 0.8425418138504, 0.04898689687252
0.34578320384026, 0.37953612208366, 0.03053426556289, 0.27939763665199, -0.62240201234818, -0.25153359770775, -0.64164191484451, 0.82286977767944, 0.16639639437199, -0.45871835947037, 1.48012721538544, 0.30806839466095, -1.00276982784271, 1.2000253200531, 0.12015465646982, 0, 0, 0, 0, 0, 0, -0.54145538806915, 0.89852434396744, 0.16590011119843, 0.73591476678848, -0.06929298490286, 2.0451078414917, 0.09689636528492, 0.05140437930822, -0.08581595867872, 0.18003033101559, 0.01057344861329, -0.01793964579701, 0.18986248970032, 0.00659136381, 0.00940074026585, 0.17568831145763, 0.01420776173472, 0.03847927600145, 0.14762869477272, 0.02119366824627, 0.05457248166203, -0.45317548513412, 0.79442852735519, 0.19358396530151, -0.44374603033066, 0.77135097980499, 0.08149413764477, -0.44090610742569, 0.7818723320961, 0.0542681068182, -0.43986034393311, 0.81331652402878, 0.04356066137552, -0.44692787528038, 0.84498655796051, 0.05005623400211
0.27486562728882, 0.32895323634148, 0.01595556735992, 0.37429967522621, -0.62676930427551, -0.25385549664497, -0.63984912633896, 0.82528877258301, 0.16637350618839, -0.45896384119987, 1.4793484210968, 0.30871200561523, -1.00319504737854, 1.20115113258362, 0.11992666870356, 0, 0, 0, 0, 0, 0, -0.53971004486084, 0.90058350563049, 0.16663873195648, 0.73988974094391, -0.07670974731445, 2.04184651374817, 0.09689636528492, 0.05140437930822, -0.08581595867872, 0.18003033101559, 0.01057344861329, -0.01793964579701, 0.18986248970032, 0.00659136381, 0.00940074026585, 0.17568831145763, 0.01420776173472, 0.03847927600145, 0.14762869477272, 0.02119366824627, 0.05457248166203, -0.45179545879364, 0.7961865067482, 0.19435106217861, -0.44182884693146, 0.77355265617371, 0.08221723884344, -0.43882447481155, 0.78418040275574, 0.05505024641752, -0.43765652179718, 0.81566631793976, 0.04447886347771, -0.44469121098518, 0.84732413291931, 0.05106872320175
0.2331375926733, 0.29869076609612, 0.0080144405365, 0.44995287060738, -0.63567185401917, -0.25763577222824, -0.638258934021, 0.82755607366562, 0.16629502177238, -0.45921066403389, 1.47850871086121, 0.30936896800995, -1.00378739833832, 1.20202434062958, 0.11937755346298, 0, 0, 0, 0, 0, 0, -0.5391908288002, 0.89891123771667, 0.1681512594223, 0.7346670627594, -0.05961962416768, 2.05674171447754, 0.09689636528492, 0.05140437930822, -0.08581595867872, 0.18003033101559, 0.01057344861329, -0.01793964579701, 0.18986248970032, 0.00659136381, 0.00940074026585, 0.17568831145763, 0.01420776173472, 0.03847927600145, 0.14762869477272, 0.02119366824627, 0.05457248166203, -0.44997465610504, 0.79562228918076, 0.1958559602499, -0.44055736064911, 0.7724232673645, 0.0837901905179, -0.43785798549652, 0.78291922807693, 0.05654004216194, -0.43710044026375, 0.81435173749924, 0.04577428102493, -0.44442582130432, 0.84597206115723, 0.05222632735968
0.20855425298214, 0.28039455413818, 0.00474572135136, 0.50228053331375, -0.63447332382202, -0.25713631510735, -0.63695514202118, 0.82484018802643, 0.16894063353539, -0.45942613482475, 1.47763228416443, 0.31005024909973, -1.00456058979034, 1.20268726348877, 0.11893190443516, 0, 0, 0, 0, 0, 0, -0.53849577903748, 0.89813089370728, 0.16938257217407, 0.73198479413986, -0.04879966005683, 2.06700134277344, 0.09689636528492, 0.05140437930822, -0.08581595867872, 0.18003033101559, 0.01057344861329, -0.01793964579701, 0.18986248970032, 0.00659136381, 0.00940074026585, 0.17568831145763, 0.01420776173472, 0.03847927600145, 0.14762869477272, 0.02119366824627, 0.05457248166203, -0.44840186834335, 0.79559689760208, 0.19705101847649, -0.43925321102142, 0.77212083339691, 0.08502069115639, -0.43673974275589, 0.78255194425583, 0.05772789567709, -0.43625950813293, 0.81395560503006, 0.04686256498098, -0.44379544258118, 0.84554028511047, 0.05324628949165
0.07155417650938, -0.36490914225578, 0.29585120081902, -0.71410691738129, 0.84754931926727, 1.27597892284393, -0.63570004701614, 0.82333546876907, 0.17078736424446, -0.45975765585899, 1.47674369812012, 0.31075823307037, -1.00619864463806, 1.20334756374359, 0.11885026842356, 0, 0, 0, 0, 0, 0, -0.5384396314621, 0.89233422279358, 0.17078649997711, 0.72674411535263, -0.00017418718198, 2.11558675765991, 0.09689636528492, 0.05140437930822, -0.08581595867872, 0.18003033101559, 0.01057344861329, -0.01793964579701, 0.18986248970032, 0.00659136381, 0.00940074026585, 0.17568831145763, 0.01420776173472, 0.03847927600145, 0.14762869477272, 0.02119366824627, 0.05457248166203, -0.44426596164703, 0.79329204559326, 0.19757558405399, -0.43608322739601, 0.76944249868393, 0.08554942905903, -0.43438872694969, 0.77978205680847, 0.05815885215998, -0.43521857261658, 0.81111228466034, 0.04710422456264, -0.44378665089607, 0.84244531393051, 0.05342606455088
0.09147404879332, -0.20826815068722, 0.2117889970541, -0.37139365077019, 0.4748477935791, 0.89658677577972, -0.63284313678741, 0.81409603357315, 0.17421633005142, -0.46007779240608, 1.4758425951004, 0.31147992610931, -1.007856965065, 1.20418107509613, 0.11915418505669, 0, 0, 0, 0, 0, 0, -0.53821337223053, 0.88789093494415, 0.17192471027374, 0.72266519069672, 0.03515659272671, 2.15175890922546, 0.09689636528492, 0.05140437930822, -0.08581595867872, 0.18003033101559, 0.01057344861329, -0.01793964579701, 0.18986248970032, 0.00659136381, 0.00940074026585, 0.17568831145763, 0.01420776173472, 0.03847927600145, 0.14762869477272, 0.02119366824627, 0.05457248166203, -0.44108730554581, 0.79154098033905, 0.19798028469086, -0.43352600932121, 0.76750135421753, 0.08595108985901, -0.43242260813713, 0.77778005599976, 0.05850746482611, -0.43422809243202, 0.80903446674347, 0.04735500365496, -0.44357219338417, 0.84014707803726, 0.05366595089436
0.06068229302764, -1.24669778347015, 0.42569157481194, -0.73521918058395, 1.94958794116974, 4.33106803894043, -0.63041192293167, 0.80713438987732, 0.17670011520386, -0.46037998795509, 1.47499465942383, 0.31219744682312, -1.01011180877686, 1.20545983314514, 0.11957008391619, 0, 0, 0, 0, 0, 0, -0.53803539276123, 0.88390398025513, 0.17292976379395, 0.72024381160736, 0.05801267176867, 2.17590665817261, 0.09689636528492, 0.05140437930822, -0.08581595867872, 0.18003033101559, 0.01057344861329, -0.01793964579701, 0.18986248970032, 0.00659136381, 0.00940074026585, 0.17568831145763, 0.01420776173472, 0.03847927600145, 0.14762869477272, 0.02119366824627, 0.05457248166203, -0.43899187445641, 0.78938221931458, 0.19845816493034, -0.43176591396332, 0.76530092954636, 0.08641578257084, -0.43103918433189, 0.77555310726166, 0.0589496716857, -0.43349090218544, 0.80675119161606, 0.04776275157928, -0.44335687160492, 0.83769869804382, 0.05409118533134
0.08323430269957, -0.94555371999741, 0.31642553210258, -0.43226200342178, 1.36118149757385, 3.2560350894928, -0.62871146202087, 0.80148911476135, 0.17846511304379, -0.46063101291656, 1.47414195537567, 0.31291258335114, -1.01194202899933, 1.20686554908752, 0.11993482708931, 0, 0, 0, 0, 0, 0, -0.53776526451111, 0.88030707836151, 0.17395710945129, 0.71882104873657, 0.07494390010834, 2.19444251060486, 0.09689636528492, 0.05140437930822, -0.08581595867872, 0.18003033101559, 0.01057344861329, -0.01793964579701, 0.18986248970032, 0.00659136381, 0.00940074026585, 0.17568831145763, 0.01420776173472, 0.03847927600145, 0.14762869477272, 0.02119366824627, 0.05457248166203, -0.43728846311569, 0.78719490766525, 0.19906139373779, -0.4302539229393, 0.76315820217133, 0.08699725568295, -0.42980027198792, 0.77340507507324, 0.05952332168818, -0.43274140357971, 0.80455988645554, 0.04833371937275, -0.44300988316536, 0.83536952733994, 0.05469439178705
0.06607532501221, -0.75432294607162, 0.22901950776577, -0.18877112865448, 0.82789897918701, 2.18451642990112, -0.62725108861923, 0.79663348197937, 0.17995820939541, -0.46074116230011, 1.47338557243347, 0.31357538700104, -1.01362156867981, 1.20851850509644, 0.11951775848866, 0, 0, 0, 0, 0, 0, -0.53861331939697, 0.86422246694565, 0.17477858066559, 0.69757717847824, 0.13619919121265, 2.27408576011658, 0.09689636528492, 0.05140437930822, -0.08581595867872, 0.18003033101559, 0.01057344861329, -0.01793964579701, 0.18986248970032, 0.00659136381, 0.00940074026585, 0.17568831145763, 0.01420776173472, 0.03847927600145, 0.14762869477272, 0.02119366824627, 0.05457248166203, -0.43230012059212, 0.77793574333191, 0.20023021101952, -0.42478367686272, 0.75270307064056, 0.08846066147089, -0.42521670460701, 0.76254445314407, 0.06083853542805, -0.43019667267799, 0.79328399896622, 0.04923002421856, -0.4423106610775, 0.82348638772964, 0.0552464723587
0.07038116455078, -0.64331525564194, 0.1958924382925, -0.05930952355266, 0.56507992744446, 1.67783629894257, -0.62264502048492, 0.77523827552795, 0.18287073075771, -0.46070122718811, 1.47267711162567, 0.31422400474548, -1.0152200460434, 1.20982480049133, 0.11944859474897, 0, 0, 0, 0, 0, 0, -0.53909105062485, 0.85109227895737, 0.1756489276886, 0.67978703975677, 0.18076974153519, 2.33311200141907, 0.09689636528492, 0.05140437930822, -0.08581595867872, 0.18003033101559, 0.01057344861329, -0.01793964579701, 0.18986248970032, 0.00659136381, 0.00940074026585, 0.17568831145763, 0.01420776173472, 0.03847927600145, 0.14762869477272, 0.02119366824627, 0.05457248166203, -0.42860236763954, 0.7702534198761, 0.20120292901993, -0.4206477701664, 0.7442324757576, 0.08964462578297, -0.42173871397972, 0.7537505030632, 0.06192747503519, -0.42826187610626, 0.78409320116043, 0.05004277825356, -0.44176518917084, 0.81374442577362, 0.05583915859461
0.09824752062559, -2.85771822929382, 0.28600570559502, -1.76872444152832, 1.13349139690399, 7.49223470687866, -0.61871409416199, 0.75828719139099, 0.18526065349579, -0.46067324280739, 1.47206175327301, 0.31489431858063, -1.01699995994568, 1.21033334732056, 0.11959850043058, 0, 0, 0, 0, 0, 0, -0.53917109966278, 0.84152585268021, 0.176518201828, 0.66648811101913, 0.21159690618515, 2.37461137771606, 0.09689636528492, 0.05140437930822, -0.08581595867872, 0.18003033101559, 0.01057344861329, -0.01793964579701, 0.18986248970032, 0.00659136381, 0.00940074026585, 0.17568831145763, 0.01420776173472, 0.03847927600145, 0.14762869477272, 0.02119366824627, 0.05457248166203, -0.42584273219109, 0.76471042633057, 0.20204758644104, -0.41753649711609, 0.73822039365768, 0.090625397861, -0.41908845305443, 0.74750649929047, 0.06285164505243, -0.42670971155167, 0.77752542495728, 0.05079920589924, -0.44119760394096, 0.80673342943192, 0.05646719038486
0.13589859008789, -2.27577924728394, 0.24958311021328, -1.24435544013977, 0.84590351581573, 5.73712968826294, -0.61550468206406, 0.74610471725464, 0.18714827299118, -0.46056866645813, 1.47150635719299, 0.31556618213654, -1.01885986328125, 1.21039414405823, 0.11994786560535, 0, 0, 0, 0, 0, 0, -0.53881025314331, 0.83436286449432, 0.17742741107941, 0.6550036072731, 0.23705823719501, 2.40937519073486, 0.09689636528492, 0.05140437930822, -0.08581595867872, 0.18003033101559, 0.01057344861329, -0.01793964579701, 0.18986248970032, 0.00659136381, 0.00940074026585, 0.17568831145763, 0.01420776173472, 0.03847927600145, 0.14762869477272, 0.02119366824627, 0.05457248166203, -0.42317596077919, 0.76103329658508, 0.20286671817303, -0.41454789042473, 0.73422455787659, 0.09154525399208, -0.41648387908936, 0.7433180809021, 0.06373190879822, -0.42503073811531, 0.77303832769394, 0.05156078934669, -0.44034570455551, 0.80183815956116, 0.05714260041714
0.15061138570309, -1.64565312862396, 0.20718096196651, -0.80589056015015, 0.59405153989792, 4.12917804718018, -0.61226963996887, 0.73680227994919, 0.18885757029057, -0.4604574739933, 1.47104787826538, 0.3162624835968, -1.02081680297852, 1.20999217033386, 0.12011382728815, 0, 0, 0, 0, 0, 0, -0.54113674163818, 0.81296932697296, 0.17588698863983, 0.62800616025925, 0.282391756773, 2.48399209976196, 0.09689636528492, 0.05140437930822, -0.08581595867872, 0.18003033101559, 0.01057344861329, -0.01793964579701, 0.18986248970032, 0.00659136381, 0.00940074026585, 0.17568831145763, 0.01420776173472, 0.03847927600145, 0.14762869477272, 0.02119366824627, 0.05457248166203, -0.42099478840828, 0.74754679203033, 0.20199221372604, -0.41068667173386, 0.72015810012817, 0.09095520526171, -0.4132154583931, 0.7288082242012, 0.06304815411568, -0.42367002367973, 0.75778126716614, 0.05056847631931, -0.44081342220306, 0.78558892011642, 0.05585741996765
0.19350527226925, -1.27899158000946, 0.19420085847378, -0.61079686880112, 0.49493265151978, 3.51759552955627, -0.6081303358078, 0.71099179983139, 0.18843431770802, -0.46027457714081, 1.47061467170715, 0.31699419021606, -1.02234256267548, 1.20909988880157, 0.12094826996326, 0, 0, 0, 0, 0, 0, -0.54208433628082, 0.79822039604187, 0.17526495456696, 0.60620266199112, 0.31498929858208, 2.53865194320679, 0.09689636528492, 0.05140437930822, -0.08581595867872, 0.18003033101559, 0.01057344861329, -0.01793964579701, 0.18986248970032, 0.00659136381, 0.00940074026585, 0.17568831145763, 0.01420776173472, 0.03847927600145, 0.14762869477272, 0.02119366824627, 0.05457248166203, -0.41886082291603, 0.73896658420563, 0.20173434913158, -0.40730854868889, 0.71125781536102, 0.09089940786362, -0.41027963161469, 0.71955746412277, 0.0629296079278, -0.42215099930763, 0.74788612127304, 0.0502395927906, -0.44063234329224, 0.77486050128937, 0.05533428490162
0.08686780184507, -3.47630000114441, -0.114830724895, -1.28703510761261, 0.07995454221964, 7.76434850692749, -0.6039907336235, 0.6931831240654, 0.18867281079292, -0.46008998155594, 1.47035908699036, 0.31775569915771, -1.02435147762299, 1.2079873085022, 0.12141615897417, 0, 0, 0, 0, 0, 0, -0.54188108444214, 0.78747552633286, 0.1752405166626, 0.5852929353714, 0.34366950392723, 2.58744215965271, 0.09689636528492, 0.05140437930822, -0.08581595867872, 0.18003033101559, 0.01057344861329, -0.01793964579701, 0.18986248970032, 0.00659136381, 0.00940074026585, 0.17568831145763, 0.01420776173472, 0.03847927600145, 0.14762869477272, 0.02119366824627, 0.05457248166203, -0.41608765721321, 0.73400110006332, 0.20192724466324, -0.40342816710472, 0.7060923576355, 0.09126351028681, -0.40680152177811, 0.71406120061874, 0.06324315071106, -0.41994917392731, 0.74174124002457, 0.05038112401962, -0.43961882591248, 0.76789128780365, 0.0553220063448
0.20286081731319, -2.44166827201843, -0.01166582014412, -0.92568647861481, 0.11516825854778, 5.88190937042236, -0.59898662567139, 0.67985427379608, 0.1894403398037, -0.45986866950989, 1.47016751766205, 0.31854963302612, -1.02614831924438, 1.20649528503418, 0.12227169424295, 0, 0, 0, 0, 0, 0, -0.5414834022522, 0.77935403585434, 0.17544984817505, 0.5686816573143, 0.36497050523758, 2.62409973144531, 0.09689636528492, 0.05140437930822, -0.08581595867872, 0.18003033101559, 0.01057344861329, -0.01793964579701, 0.18986248970032, 0.00659136381, 0.00940074026585, 0.17568831145763, 0.01420776173472, 0.03847927600145, 0.14762869477272, 0.02119366824627, 0.05457248166203, -0.41388404369354, 0.7303923368454, 0.20222353935242, -0.40040189027786, 0.70239162445068, 0.09168030321598, -0.40408277511597, 0.71010053157806, 0.06362596899271, -0.4181951880455, 0.73724573850632, 0.05064684897661, -0.43875116109848, 0.76272433996201, 0.05548696219921
0.34406659007072, -1.89142215251923, 0.0622057877481, -0.80659961700439, 0.15568426251411, 5.3975625038147, -0.59481662511826, 0.66989463567734, 0.19025541841984, -0.45964527130127, 1.47016096115112, 0.31938290596008, -1.02824521064758, 1.20450937747955, 0.12327247858047, 0, 0, 0, 0, 0, 0, -0.54093968868256, 0.77255356311798, 0.17578268051147, 0.55386698246002, 0.38299691677094, 2.65541648864746, 0.09689636528492, 0.05140437930822, -0.08581595867872, 0.18003033101559, 0.01057344861329, -0.01793964579701, 0.18986248970032, 0.00659136381, 0.00940074026585, 0.17568831145763, 0.01420776173472, 0.03847927600145, 0.14762869477272, 0.02119366824627, 0.05457248166203, -0.41189032793045, 0.72756350040436, 0.20257514715195, -0.3977147936821, 0.69952547550201, 0.09212815016508, -0.40166231989861, 0.70700442790985, 0.06404782086611, -0.41660189628601, 0.73365902900696, 0.05097801238298, -0.43790888786316, 0.75852739810944, 0.05574318021536
0.31217333674431, -1.42730700969696, 0.0797760412097, -0.5901135802269, 0.15619020164013, 4.14881992340088, -0.59093600511551, 0.66160124540329, 0.19111061096191, -0.45939847826958, 1.47019982337952, 0.32021653652191, -1.03018867969513, 1.20276069641113, 0.12432397902012, 0, 0, 0, 0, 0, 0, -0.54030454158783, 0.76646757125854, 0.17617809772491, 0.53985130786896, 0.39923715591431, 2.68392062187195, 0.09689636528492, 0.05140437930822, -0.08581595867872, 0.18003033101559, 0.01057344861329, -0.01793964579701, 0.18986248970032, 0.00659136381, 0.00940074026585, 0.17568831145763, 0.01420776173472, 0.03847927600145, 0.14762869477272, 0.02119366824627, 0.05457248166203, -0.41001576185226, 0.72518759965897, 0.20294535160065, -0.39521569013596, 0.69714736938477, 0.09258086979389, -0.39940828084946, 0.70440971851349, 0.06447922438383, -0.41510224342346, 0.73058950901031, 0.05133402347565, -0.437087059021, 0.75487244129181, 0.05603955686092
0.30836102366447, -1.20240914821625, 0.09050666540861, -0.49245870113373, 0.16270823776722, 3.61089015007019, -0.58717048168182, 0.65422344207764, 0.19198475778103, -0.45919227600098, 1.47038209438324, 0.32108092308044, -1.03241884708405, 1.2001668214798, 0.12634734809399, 0, 0, 0, 0, 0, 0, -0.54283618927002, 0.75849997997284, 0.17569708824158, 0.53350096940994, 0.42069938778877, 2.73100829124451, 0.09689636528492, 0.05140437930822, -0.08581595867872, 0.18003033101559, 0.01057344861329, -0.01793964579701, 0.18986248970032, 0.00659136381, 0.00940074026585, 0.17568831145763, 0.01420776173472, 0.03847927600145, 0.14762869477272, 0.02119366824627, 0.05457248166203, -0.41107821464539, 0.72213941812515, 0.20240697264671, -0.39491200447083, 0.69585192203522, 0.09180299937725, -0.39932149648666, 0.70323312282562, 0.06376558542252, -0.41600930690765, 0.7289052605629, 0.05084527283907, -0.43895083665848, 0.75224804878235, 0.05573749542236
0.31178709864616, -1.08123779296875, 0.09638249129057, -0.44118794798851, 0.1700906008482, 3.34391474723816, -0.58525311946869, 0.64432954788208, 0.190220028162, -0.45900139212608, 1.47068607807159, 0.32198894023895, -1.03389537334442, 1.1975189447403, 0.12818759679794, 0, 0, 0, 0, 0, 0, -0.54371774196625, 0.7513393163681, 0.17537045478821, 0.52381294965744, 0.44255819916725, 2.77799654006958, 0.09689636528492, 0.05140437930822, -0.08581595867872, 0.18003033101559, 0.01057344861329, -0.01793964579701, 0.18986248970032, 0.00659136381, 0.00940074026585, 0.17568831145763, 0.01420776173472, 0.03847927600145, 0.14762869477272, 0.02119366824627, 0.05457248166203, -0.41062781214714, 0.72017788887024, 0.2020485252142, -0.39321464300156, 0.6954824924469, 0.09126705676317, -0.39787527918816, 0.70290720462799, 0.06328181177378, -0.41557744145393, 0.72798085212708, 0.05053725838661, -0.43946266174316, 0.75032520294189, 0.05557309091091
0.04224300011992, -1.46540153026581, -0.18128691613674, 1.23636901378632, -0.31380814313889, 4.75525093078613, -0.58145397901535, 0.63541477918625, 0.1888787150383, -0.45885163545609, 1.47110342979431, 0.3229433298111, -1.03524208068848, 1.19472742080688, 0.13029660284519, 0, 0, 0, 0, 0, 0, -0.54450523853302, 0.74969154596329, 0.17421793937683, 0.5435191988945, 0.4520388841629, 2.79278969764709, 0.09689636528492, 0.05140437930822, -0.08581595867872, 0.18003033101559, 0.01057344861329, -0.01793964579701, 0.18986248970032, 0.00659136381, 0.00940074026585, 0.17568831145763, 0.01420776173472, 0.03847927600145, 0.14762869477272, 0.02119366824627, 0.05457248166203, -0.41127154231071, 0.71831482648849, 0.19990780949593, -0.39400631189346, 0.69625610113144, 0.08854830265045, -0.39874440431595, 0.70431613922119, 0.06075246632099, -0.41654545068741, 0.72962665557861, 0.04862901568413, -0.44048610329628, 0.75177639722824, 0.05422945320606
0.27337789535522, -1.36568057537079, -0.13781547546387, 0.98149245977402, -0.22138898074627, 4.90979146957397, -0.58187389373779, 0.63337200880051, 0.18509662151337, -0.45868819952011, 1.47162139415741, 0.32389485836029, -1.03535211086273, 1.19171178340912, 0.13323438167572, 0, 0, 0, 0, 0, 0, -0.54499924182892, 0.74697601795197, 0.17350041866302, 0.55429345369339, 0.4624984562397, 2.8097870349884, 0.09689636528492, 0.05140437930822, -0.08581595867872, 0.18003033101559, 0.01057344861329, -0.01793964579701, 0.18986248970032, 0.00659136381, 0.00940074026585, 0.17568831145763, 0.01420776173472, 0.03847927600145, 0.14762869477272, 0.02119366824627, 0.05457248166203, -0.41146916151047, 0.71629309654236, 0.19847947359085, -0.39420726895332, 0.69616931676865, 0.08675356954336, -0.39905768632889, 0.70463526248932, 0.05909813940525, -0.41708672046661, 0.72998929023743, 0.04741026461124, -0.44119980931282, 0.7518475651741, 0.05340251326561
-0.06390810012817, -0.25855779647827, -0.33864495158195, 2.79121494293213, 0.23440055549145, 0.3553159236908, -0.58139002323151, 0.63019180297852, 0.18256485462189, -0.45864194631577, 1.472243309021, 0.32489228248596, -1.03519117832184, 1.18861746788025, 0.13570842146873, 0, 0, 0, 0, 0, 0, -0.54533416032791, 0.74366700649261, 0.17305827140808, 0.55947697162628, 0.47315558791161, 2.82750821113586, 0.09689636528492, 0.05140437930822, -0.08581595867872, 0.18003033101559, 0.01057344861329, -0.01793964579701, 0.18986248970032, 0.00659136381, 0.00940074026585, 0.17568831145763, 0.01420776173472, 0.03847927600145, 0.14762869477272, 0.02119366824627, 0.05457248166203, -0.41143855452538, 0.7141849398613, 0.19752153754234, -0.39410597085953, 0.69552916288376, 0.08555207401514, -0.39908733963966, 0.70425564050674, 0.05800107121468, -0.41741207242012, 0.7295395731926, 0.04662555456161, -0.44175773859024, 0.7510592341423, 0.05289655923843
0.02221584133804, -0.43874499201775, -0.2230149358511, 1.92763423919678, 0.19081784784794, 0.98936504125595, -0.58041620254517, 0.62639045715332, 0.18083344399929, -0.45861420035362, 1.47298300266266, 0.3258969783783, -1.03422260284424, 1.18570196628571, 0.13857720792294, 0, 0, 0, 0, 0, 0, -0.54560101032257, 0.73991131782532, 0.17278552055359, 0.56123822927475, 0.48385560512543, 2.84559893608093, 0.09689636528492, 0.05140437930822, -0.08581595867872, 0.18003033101559, 0.01057344861329, -0.01793964579701, 0.18986248970032, 0.00659136381, 0.00940074026585, 0.17568831145763, 0.01420776173472, 0.03847927600145, 0.14762869477272, 0.02119366824627, 0.05457248166203, -0.41131156682968, 0.71193540096283, 0.19685566425323, -0.39386948943138, 0.69446796178818, 0.08471165597439, -0.39899343252182, 0.7033668756485, 0.05724208801985, -0.41765290498734, 0.72851133346558, 0.04610398411751, -0.44226461648941, 0.74966287612915, 0.05258543789387
0.06978034973145, -0.53689241409302, -0.14993546903133, 1.37053847312927, 0.15494458377361, 1.33085989952087, -0.5791717171669, 0.62213277816772, 0.17958489060402, -0.45859062671661, 1.4737331867218, 0.32691037654877, -1.03242743015289, 1.1826046705246, 0.14208789169788, 0, 0, 0, 0, 0, 0, -0.54646778106689, 0.74594813585281, 0.17254948616028, 0.58411741256714, 0.47160586714745, 2.82946825027466, 0.09689636528492, 0.05140437930822, -0.08581595867872, 0.18003033101559, 0.01057344861329, -0.01793964579701, 0.18986248970032, 0.00659136381, 0.00940074026585, 0.17568831145763, 0.01420776173472, 0.03847927600145, 0.14762869477272, 0.02119366824627, 0.05457248166203, -0.41293185949326, 0.71461176872253, 0.1966717094183, -0.39547675848007, 0.69833147525787, 0.08435122668743, -0.40029814839363, 0.70772874355316, 0.05699306726456, -0.41834542155266, 0.73344200849533, 0.04614874720573, -0.44249790906906, 0.75505083799362, 0.05284579098225
0.09628771990538, -0.60602182149887, -0.10601698607206, 1.03317260742188, 0.1300346404314, 1.53262233734131, -0.58270829916, 0.62887382507324, 0.17757248878479, -0.45858544111252, 1.47454905509949, 0.32794404029846, -1.03037452697754, 1.18023908138275, 0.14458085596561, 0, 0, 0, 0, 0, 0, -0.54731428623199, 0.74882012605667, 0.17198586463928, 0.60416382551193, 0.46251943707466, 2.81900930404663, 0.09689636528492, 0.05140437930822, -0.08581595867872, 0.18003033101559, 0.01057344861329, -0.01793964579701, 0.18986248970032, 0.00659136381, 0.00940074026585, 0.17568831145763, 0.01420776173472, 0.03847927600145, 0.14762869477272, 0.02119366824627, 0.05457248166203, -0.41440322995186, 0.71491283178329, 0.19608196616173, -0.3968471288681, 0.69991236925125, 0.08359912782907, -0.40141889452934, 0.70977038145065, 0.05636055022478, -0.41899678111076, 0.73593199253082, 0.04582171142101, -0.44280642271042, 0.75784748792648, 0.0527458935976
-0.3298759162426, 0.97997897863388, -0.2090817540884, 1.69185566902161, -0.42050608992577, -2.70220565795898, -0.58552622795105, 0.63231194019318, 0.17525380849838, -0.45855164527893, 1.47538602352142, 0.32897961139679, -1.02762138843536, 1.17822444438934, 0.14731560647488, 0, 0, 0, 0, 0, 0, -0.54778075218201, 0.75052684545517, 0.17156291007996, 0.61769211292267, 0.45826581120491, 2.81568098068237, 0.09689636528492, 0.05140437930822, -0.08581595867872, 0.18003033101559, 0.01057344861329, -0.01793964579701, 0.18986248970032, 0.00659136381, 0.00940074026585, 0.17568831145763, 0.01420776173472, 0.03847927600145, 0.14762869477272, 0.02119366824627, 0.05457248166203, -0.41521856188774, 0.71523499488831, 0.19559273123741, -0.397520840168, 0.70131319761276, 0.08299348503351, -0.40194416046143, 0.71150583028793, 0.05585373193026, -0.41927534341812, 0.73792862892151, 0.04556079208851, -0.44291567802429, 0.75996816158295, 0.05266909301281
-0.26547431945801, 0.53820133209229, -0.24177430570126, 1.67854845523834, -0.38751292228699, -2.01074719429016, -0.58698236942291, 0.63431757688522, 0.17347081005573, -0.45849123597145, 1.4762727022171, 0.32999932765961, -1.02522969245911, 1.17607688903809, 0.15019762516022, 0, 0, 0, 0, 0, 0, -0.54802525043488, 0.7518937587738, 0.17142462730408, 0.62618607282639, 0.45730823278427, 2.81681656837463, 0.09689636528492, 0.05140437930822, -0.08581595867872, 0.18003033101559, 0.01057344861329, -0.01793964579701, 0.18986248970032, 0.00659136381, 0.00940074026585, 0.17568831145763, 0.01420776173472, 0.03847927600145, 0.14762869477272, 0.02119366824627, 0.05457248166203, -0.4156060218811, 0.71602159738541, 0.19538335502148, -0.39776545763016, 0.70295196771622, 0.08270452916622, -0.40211468935013, 0.71337503194809, 0.05564042180777, -0.41935184597969, 0.73993027210236, 0.04553212225437, -0.44293928146362, 0.76198124885559, 0.05277916789055
-0.13732194900513, 0.30347582697868, -0.18308936059475, 1.30558729171753, -0.28058990836143, -1.01245677471161, -0.58756905794144, 0.6357883810997, 0.17233633995056, -0.45842611789703, 1.4772207736969, 0.3310375213623, -1.02286851406097, 1.17390835285187, 0.15337355434895, 0, 0, 0, 0, 0, 0, -0.54756414890289, 0.75980752706528, 0.17155778408051, 0.64228963851929, 0.43832546472549, 2.79431891441345, 0.09689636528492, 0.05140437930822, -0.08581595867872, 0.18003033101559, 0.01057344861329, -0.01793964579701, 0.18986248970032, 0.00659136381, 0.00940074026585, 0.17568831145763, 0.01420776173472, 0.03847927600145, 0.14762869477272, 0.02119366824627, 0.05457248166203, -0.41615557670593, 0.7206991314888, 0.19601193070412, -0.39797908067703, 0.7079610824585, 0.08334882557392, -0.40192937850952, 0.71866118907928, 0.05633168667555, -0.41848528385162, 0.74567741155624, 0.04630652070045, -0.44159397482872, 0.76822423934937, 0.05357033014297
-0.05733489617705, 0.19811867177486, -0.11225938051939, 0.96081328392029, -0.19386212527752, -0.35235294699669, -0.5898055434227, 0.64465260505676, 0.17146736383438, -0.45845413208008, 1.47822237014771, 0.33210611343384, -1.02123892307281, 1.17110729217529, 0.15659143030643, 0, 0, 0, 0, 0, 0, -0.5470974445343, 0.76761746406555, 0.17172276973724, 0.65882301330566, 0.41897338628769, 2.77242827415466, 0.09689636528492, 0.05140437930822, -0.08581595867872, 0.18003033101559, 0.01057344861329, -0.01793964579701, 0.18986248970032, 0.00659136381, 0.00940074026585, 0.17568831145763, 0.01420776173472, 0.03847927600145, 0.14762869477272, 0.02119366824627, 0.05457248166203, -0.41676372289658, 0.72534364461899, 0.19665712118149, -0.39818486571312, 0.71306645870209, 0.08400849997997, -0.40172427892685, 0.72406208515167, 0.05705312639475, -0.41760069131851, 0.75152432918549, 0.04714152961969, -0.4402362704277, 0.77453398704529, 0.0544435530901
-0.1622056812048, 1.23368728160858, -0.11511325091124, 0.80689692497253, -0.67893862724304, -2.79667186737061, -0.59193933010101, 0.65345686674118, 0.17047303915024, -0.45843631029129, 1.47916960716248, 0.33316791057587, -1.01973104476929, 1.16811692714691, 0.16031531989574, 0, 0, 0, 0, 0, 0, -0.54665040969849, 0.77351272106171, 0.17196393013, 0.67079734802246, 0.40533164143562, 2.75781464576721, 0.09689636528492, 0.05140437930822, -0.08581595867872, 0.18003033101559, 0.01057344861329, -0.01793964579701, 0.18986248970032, 0.00659136381, 0.00940074026585, 0.17568831145763, 0.01420776173472, 0.03847927600145, 0.14762869477272, 0.02119366824627, 0.05457248166203, -0.41709756851196, 0.72908639907837, 0.19722354412079, -0.3981825709343, 0.71723866462708, 0.08458486944437, -0.401427090168, 0.72845768928528, 0.05768449604511, -0.41683441400528, 0.75622260570526, 0.04787627607584, -0.43914875388145, 0.77953028678894, 0.0552217066288
-0.14874456822872, 1.21982562541962, -0.12629449367523, 0.93601167201996, -0.73158538341522, -2.72757482528687, -0.59322959184647, 0.66006404161453, 0.16977845132351, -0.45847827196121, 1.48015689849854, 0.33422935009003, -1.01838421821594, 1.16591966152191, 0.16318430006504, 0, 0, 0, 0, 0, 0, -0.54620909690857, 0.77740925550461, 0.17233526706696, 0.6769962310791, 0.39864042401314, 2.75108504295349, 0.09689636528492, 0.05140437930822, -0.08581595867872, 0.18003033101559, 0.01057344861329, -0.01793964579701, 0.18986248970032, 0.00659136381, 0.00940074026585, 0.17568831145763, 0.01420776173472, 0.03847927600145, 0.14762869477272, 0.02119366824627, 0.05457248166203, -0.41704589128494, 0.73195081949234, 0.19775326550007, -0.39793533086777, 0.72037577629089, 0.0851192548871, -0.40103089809418, 0.73171579837799, 0.05825211852789, -0.41621163487434, 0.75962752103806, 0.04850733280182, -0.43837451934814, 0.78306990861893, 0.05588261783123
-0.08027314394712, 0.90176576375961, -0.08525847643614, 0.76240861415863, -0.55421215295792, -1.83730530738831, -0.59360504150391, 0.66431087255478, 0.1696195602417, -0.45843917131424, 1.48108851909637, 0.33526349067688, -1.01697957515717, 1.16332840919495, 0.16701944172382, 0, 0, 0, 0, 0, 0, -0.54346001148224, 0.78776729106903, 0.17276906967163, 0.68354195356369, 0.37814164161682, 2.7257878780365, 0.09689636528492, 0.05140437930822, -0.08581595867872, 0.18003033101559, 0.01057344861329, -0.01793964579701, 0.18986248970032, 0.00659136381, 0.00940074026585, 0.17568831145763, 0.01420776173472, 0.03847927600145, 0.14762869477272, 0.02119366824627, 0.05457248166203, -0.41538214683533, 0.73968464136124, 0.19884194433689, -0.39600038528442, 0.72755515575409, 0.08631266653538, -0.39873790740967, 0.73891818523407, 0.05941639095545, -0.41329342126846, 0.76712369918823, 0.04956442117691, -0.43500021100044, 0.7910298705101, 0.05680622160435
-0.00914096739143, 0.56082487106323, -0.01860022358596, 0.43798545002937, -0.29928451776505, -0.87309378385544, -0.59317195415497, 0.67566919326782, 0.16998714208603, -0.45848143100739, 1.48199617862701, 0.3362340927124, -1.01609146595001, 1.1620899438858, 0.16943918168545, 0, 0, 0, 0, 0, 0, -0.54159796237946, 0.79521131515503, 0.17316067218781, 0.68882101774216, 0.3612734079361, 2.70537257194519, 0.09689636528492, 0.05140437930822, -0.08581595867872, 0.18003033101559, 0.01057344861329, -0.01793964579701, 0.18986248970032, 0.00659136381, 0.00940074026585, 0.17568831145763, 0.01420776173472, 0.03847927600145, 0.14762869477272, 0.02119366824627, 0.05457248166203, -0.41444104909897, 0.74502640962601, 0.19977405667305, -0.39482206106186, 0.73248422145844, 0.08733116835356, -0.39726454019547, 0.74386918544769, 0.06041576713324, -0.41131007671356, 0.77230483293533, 0.05048532783985, -0.43264442682266, 0.79657465219498, 0.05762355029583
0.15624760091305, 1.50702226161957, 0.00516414595768, -0.16538520157337, -0.55156648159027, -2.48554491996765, -0.59315657615662, 0.68395334482193, 0.17026728391647, -0.45862209796906, 1.48286890983582, 0.33718740940094, -1.01494204998016, 1.16084802150726, 0.17165443301201, 0, 0, 0, 0, 0, 0, -0.54025769233704, 0.80026918649673, 0.1735337972641, 0.69209343194962, 0.35080870985985, 2.69293975830078, 0.09689636528492, 0.05140437930822, -0.08581595867872, 0.18003033101559, 0.01057344861329, -0.01793964579701, 0.18986248970032, 0.00659136381, 0.00940074026585, 0.17568831145763, 0.01420776173472, 0.03847927600145, 0.14762869477272, 0.02119366824627, 0.05457248166203, -0.41368353366852, 0.74880713224411, 0.20048414170742, -0.39390650391579, 0.73603469133377, 0.0880948677659, -0.39616507291794, 0.74743610620499, 0.06117036193609, -0.40989664196968, 0.77600967884064, 0.05119674652815, -0.43100225925446, 0.80049628019333, 0.058274269104
0.08802651613951, 1.10835313796997, 0.00253558135591, -0.09404446929693, -0.47118407487869, -1.99284780025482, -0.59293258190155, 0.6895380616188, 0.17053812742233, -0.45871958136559, 1.48366236686707, 0.3380880355835, -1.01285660266876, 1.16056227684021, 0.17344678938389, 0, 0, 0, 0, 0, 0, -0.5394144654274, 0.80396503210068, 0.17385828495026, 0.69523990154266, 0.34084805846214, 2.68130826950073, 0.09689636528492, 0.05140437930822, -0.08581595867872, 0.18003033101559, 0.01057344861329, -0.01793964579701, 0.18986248970032, 0.00659136381, 0.00940074026585, 0.17568831145763, 0.01420776173472, 0.03847927600145, 0.14762869477272, 0.02119366824627, 0.05457248166203, -0.41340228915215, 0.75130760669708, 0.20113110542297, -0.39346367120743, 0.73833882808685, 0.08879286050797, -0.39554613828659, 0.74975889921188, 0.06186206638813, -0.40898096561432, 0.77846050262451, 0.05185211449862, -0.42987129092216, 0.80314671993256, 0.05887488275766
0.08033036440611, 0.73900932073593, 0.01374184992164, -0.03278838470578, -0.3043620288372, -1.21035218238831, -0.59312903881073, 0.69373798370361, 0.17073625326157, -0.45890551805496, 1.48444879055023, 0.33892500400543, -1.01048493385315, 1.16060698032379, 0.17492017149925, 0, 0, 0, 0, 0, 0, -0.53604209423065, 0.81574124097824, 0.17501199245453, 0.69563668966293, 0.30819007754326, 2.63846325874329, 0.09689636528492, 0.05140437930822, -0.08581595867872, 0.18003033101559, 0.01057344861329, -0.01793964579701, 0.18986248970032, 0.00659136381, 0.00940074026585, 0.17568831145763, 0.01420776173472, 0.03847927600145, 0.14762869477272, 0.02119366824627, 0.05457248166203, -0.41188037395477, 0.7594496011734, 0.20348663628101, -0.39179143309593, 0.74471938610077, 0.09139260649681, -0.39337927103043, 0.75592392683029, 0.06433786451817, -0.40585780143738, 0.78492814302444, 0.05396869033575, -0.42599973082542, 0.81032586097717, 0.06063144654036
0.02716541104019, 0.56797742843628, 0.00635862303898, -0.00874071568251, -0.30361375212669, -1.14088928699493, -0.59316670894623, 0.70722180604935, 0.17270770668983, -0.45911225676537, 1.4852055311203, 0.33973467350006, -1.00792562961578, 1.16061878204346, 0.17640750110149, 0, 0, 0, 0, 0, 0, -0.53351986408234, 0.82410275936127, 0.17589366436005, 0.69546020030975, 0.28723809123039, 2.61117601394653, 0.09689636528492, 0.05140437930822, -0.08581595867872, 0.18003033101559, 0.01057344861329, -0.01793964579701, 0.18986248970032, 0.00659136381, 0.00940074026585, 0.17568831145763, 0.01420776173472, 0.03847927600145, 0.14762869477272, 0.02119366824627, 0.05457248166203, -0.41060549020767, 0.76552563905716, 0.2051590681076, -0.39043366909027, 0.74968612194061, 0.09323129802942, -0.39170521497726, 0.76074814796448, 0.06610129773617, -0.40356624126434, 0.78992927074432, 0.05550627410412, -0.42321920394897, 0.81576579809189, 0.06193833053112
0.16716955602169, 1.82414519786835, 0.14685629308224, -1.21341097354889, -0.6253142952919, -3.75977349281311, -0.59279358386993, 0.71673285961151, 0.17406921088696, -0.45932042598724, 1.48587763309479, 0.34047901630402, -1.00531554222107, 1.16126000881195, 0.17731460928917, 0, 0, 0, 0, 0, 0, -0.53175675868988, 0.83027225732803, 0.1766185760498, 0.6951048374176, 0.27041494846344, 2.58941555023193, 0.09689636528492, 0.05140437930822, -0.08581595867872, 0.18003033101559, 0.01057344861329, -0.01793964579701, 0.18986248970032, 0.00659136381, 0.00940074026585, 0.17568831145763, 0.01420776173472, 0.03847927600145, 0.14762869477272, 0.02119366824627, 0.05457248166203, -0.40987738966942, 0.76988708972931, 0.2065307199955, -0.38964295387268, 0.75317233800888, 0.09474162012339, -0.39066052436829, 0.76411843299866, 0.06755395233631, -0.40202379226685, 0.79343223571777, 0.05678094178438, -0.42127972841263, 0.81961065530777, 0.06302841752768
0.15794990956783, 1.26953589916229, 0.10536789149046, -0.75782263278961, -0.4159514605999, -2.39759945869446, -0.59273242950439, 0.7238541841507, 0.17514890432358, -0.45954263210297, 1.48651850223541, 0.34121870994568, -1.00264370441437, 1.16167747974396, 0.17814946174622, 0, 0, 0, 0, 0, 0, -0.53048205375671, 0.83514422178268, 0.17724704742432, 0.69463610649109, 0.25536203384399, 2.57006859779358, 0.09689636528492, 0.05140437930822, -0.08581595867872, 0.18003033101559, 0.01057344861329, -0.01793964579701, 0.18986248970032, 0.00659136381, 0.00940074026585, 0.17568831145763, 0.01420776173472, 0.03847927600145, 0.14762869477272, 0.02119366824627, 0.05457248166203, -0.40955376625061, 0.7731619477272, 0.20774674415588, -0.38926491141319, 0.7556768655777, 0.09608542919159, -0.39005494117737, 0.76651841402054, 0.06884835660458, -0.40097135305405, 0.79594385623932, 0.05791892856359, -0.4198691546917, 0.82242035865784, 0.06400196254253
0.09979247301817, 0.95515960454941, 0.08278726786375, -0.59225612878799, -0.34561187028885, -1.91400039196014, -0.59296220541, 0.72959876060486, 0.17607015371323, -0.45985534787178, 1.48703479766846, 0.3418470621109, -1.00022089481354, 1.1620374917984, 0.17913456261158, 0, 0, 0, 0, 0, 0, -0.5223423242569, 0.84822380542755, 0.17898106575012, 0.6925613284111, 0.24624837934971, 2.55566668510437, 0.09689636528492, 0.05140437930822, -0.08581595867872, 0.18003033101559, 0.01057344861329, -0.01793964579701, 0.18986248970032, 0.00659136381, 0.00940074026585, 0.17568831145763, 0.01420776173472, 0.03847927600145, 0.14762869477272, 0.02119366824627, 0.05457248166203, -0.40204972028732, 0.78515553474426, 0.20976696908474, -0.38195365667343, 0.76693308353424, 0.09818870574236, -0.38263612985611, 0.77765244245529, 0.07090039551258, -0.39325278997421, 0.80713552236557, 0.05983184278011, -0.41187849640846, 0.83383226394653, 0.06579013168812
0.05631923303008, 0.77758306264877, 0.0685840845108, -0.51750141382217, -0.31963205337524, -1.70652616024017, -0.58589720726013, 0.7433175444603, 0.17831076681614, -0.4601266682148, 1.48750615119934, 0.34242928028107, -0.99815356731415, 1.16291522979736, 0.17959249019623, 0, 0, 0, 0, 0, 0, -0.51763379573822, 0.85836577415466, 0.1807097196579, 0.68692487478256, 0.22324439883232, 2.51929664611816, 0.09689636528492, 0.05140437930822, -0.08581595867872, 0.18003033101559, 0.01057344861329, -0.01793964579701, 0.18986248970032, 0.00659136381, 0.00940074026585, 0.17568831145763, 0.01420776173472, 0.03847927600145, 0.14762869477272, 0.02119366824627, 0.05457248166203, -0.39901059865952, 0.79256856441498, 0.21225242316723, -0.37942770123482, 0.77249228954315, 0.10090130567551, -0.37983965873718, 0.78289747238159, 0.07348624616861, -0.38969033956528, 0.81251132488251, 0.06206431984901, -0.40761464834213, 0.8397524356842, 0.06770136207342
0.90808862447739, 1.70811641216278, 0.24135409295559, -0.5725291967392, 0.01079124305397, -1.22976911067963, -0.5838919878006, 0.75514507293701, 0.18129815161228, -0.46040394902229, 1.48797941207886, 0.34296524524689, -0.99700796604156, 1.16413426399231, 0.1797481328249, 0, 0, 0, 0, 0, 0, -0.51480877399445, 0.86647689342499, 0.18228816986084, 0.67948973178864, 0.19628228247166, 2.47650456428528, 0.09689636528492, 0.05140437930822, -0.08581595867872, 0.18003033101559, 0.01057344861329, -0.01793964579701, 0.18986248970032, 0.00659136381, 0.00940074026585, 0.17568831145763, 0.01420776173472, 0.03847927600145, 0.14762869477272, 0.02119366824627, 0.05457248166203, -0.39826706051826, 0.79749882221222, 0.21478021144867, -0.37934446334839, 0.77525025606155, 0.10372818261385, -0.37944215536118, 0.78527343273163, 0.07616827636957, -0.38837602734566, 0.81501269340515, 0.06432597339153, -0.40544834733009, 0.84287190437317, 0.06957323104143
0.39679524302483, 1.5732764005661, 0.28713402152061, -1.43901026248932, 0.01692605391145, -3.113112449646, -0.58422517776489, 0.76537203788757, 0.18432922661304, -0.46071857213974, 1.48833119869232, 0.3434921503067, -0.99634909629822, 1.16483950614929, 0.17998366057873, 0, 0, 0, 0, 0, 0, -0.51251012086868, 0.87300199270248, 0.18352866172791, 0.673524081707, 0.17673872411251, 2.4453592300415, 0.09689636528492, 0.05140437930822, -0.08581595867872, 0.18003033101559, 0.01057344861329, -0.01793964579701, 0.18986248970032, 0.00659136381, 0.00940074026585, 0.17568831145763, 0.01420776173472, 0.03847927600145, 0.14762869477272, 0.02119366824627, 0.05457248166203, -0.3975658416748, 0.80173021554947, 0.21675258874893, -0.37916272878647, 0.77790701389313, 0.10594014078379, -0.37903439998627, 0.78764367103577, 0.07827781885862, -0.38729009032249, 0.8174541592598, 0.06612651050091, -0.40372359752655, 0.845747590065, 0.07108202576637
0.1510333865881, 1.40402543544769, 0.27640879154205, -1.702263712883, 0.00654618768021, -3.71045732498169, -0.58420914411545, 0.77352952957153, 0.18660621345043, -0.46089407801628, 1.48858284950256, 0.34405660629272, -0.99576151371002, 1.16596519947052, 0.18016715347767, 0, 0, 0, 0, 0, 0, -0.51031816005707, 0.88128316402435, 0.18536937236786, 0.67012971639633, 0.16592602431774, 2.42768955230713, 0.09689636528492, 0.05140437930822, -0.08581595867872, 0.18003033101559, 0.01057344861329, -0.01793964579701, 0.18986248970032, 0.00659136381, 0.00940074026585, 0.17568831145763, 0.01420776173472, 0.03847927600145, 0.14762869477272, 0.02119366824627, 0.05457248166203, -0.39630618691444, 0.80870819091797, 0.21898220479488, -0.37824016809464, 0.78401553630829, 0.10830470919609, -0.37799093127251, 0.79359179735184, 0.08058729767799, -0.38585966825485, 0.82343769073486, 0.06826739013195, -0.40192151069641, 0.851970911026, 0.07306388765574
0.14603374898434, 1.10448360443115, 0.20736692845821, -1.24356150627136, -0.00518202735111, -2.73047304153442, -0.58330827951431, 0.78277385234833, 0.18902483582497, -0.46107816696167, 1.48877787590027, 0.34459757804871, -0.9958330988884, 1.16727602481842, 0.17969635128975, 0, 0, 0, 0, 0, 0, -0.5081353187561, 0.88797521591187, 0.18674302101135, 0.66782176494598, 0.15879489481449, 2.41603755950928, 0.09689636528492, 0.05140437930822, -0.08581595867872, 0.18003033101559, 0.01057344861329, -0.01793964579701, 0.18986248970032, 0.00659136381, 0.00940074026585, 0.17568831145763, 0.01420776173472, 0.03847927600145, 0.14762869477272, 0.02119366824627, 0.05457248166203, -0.39475139975548, 0.8145437836647, 0.22061915695667, -0.37691187858582, 0.7892804145813, 0.1100337356329, -0.37658295035362, 0.79875004291534, 0.08228053152561, -0.38419470191002, 0.82861644029617, 0.06984924525023, -0.4000087082386, 0.85730528831482, 0.07453982532024
0.19187448918819, 1.17968547344208, 0.25462567806244, -0.68404084444046, 0.02221266180277, -1.56519734859467, -0.58197408914566, 0.79011517763138, 0.19077417254448, -0.46130815148354, 1.48891532421112, 0.34505212306976, -0.99612057209015, 1.16887176036835, 0.17906112968922, 0, 0, 0, 0, 0, 0, -0.50623488426208, 0.89404112100601, 0.18797731399536, 0.66450798511505, 0.14885151386261, 2.39978814125061, 0.09689636528492, 0.05140437930822, -0.08581595867872, 0.18003033101559, 0.01057344861329, -0.01793964579701, 0.18986248970032, 0.00659136381, 0.00940074026585, 0.17568831145763, 0.01420776173472, 0.03847927600145, 0.14762869477272, 0.02119366824627, 0.05457248166203, -0.39374455809593, 0.81941944360733, 0.22222962975502, -0.37622684240341, 0.79336369037628, 0.1117767393589, -0.37578678131104, 0.80268329381943, 0.08397434651852, -0.38303774595261, 0.83257430791855, 0.07138746976852, -0.39850240945816, 0.86147677898407, 0.0759289264679
0.21613596379757, 0.92689269781113, 0.18609522283077, -0.45132139325142, 0.01146847661585, -1.03931534290314, -0.58125340938568, 0.79710537195206, 0.1925253868103, -0.46159288287163, 1.48900365829468, 0.34548938274384, -0.99640870094299, 1.17031633853912, 0.1782969981432, 0, 0, 0, 0, 0, 0, -0.50480991601944, 0.90008175373077, 0.1892671585083, 0.65845328569412, 0.13163860142231, 2.37157773971558, 0.09689636528492, 0.05140437930822, -0.08581595867872, 0.18003033101559, 0.01057344861329, -0.01793964579701, 0.18986248970032, 0.00659136381, 0.00940074026585, 0.17568831145763, 0.01420776173472, 0.03847927600145, 0.14762869477272, 0.02119366824627, 0.05457248166203, -0.39391899108887, 0.82340770959854, 0.22419531643391, -0.37698099017143, 0.79598194360733, 0.11398392170668, -0.37634950876236, 0.80503666400909, 0.08609779924154, -0.38296803832054, 0.83495879173279, 0.07323937863111, -0.3978157043457, 0.86422270536423, 0.07751775532961
0.16567467153072, 0.90223067998886, 0.17646430432796, -0.6284373998642, 0.01182268373668, -1.45536231994629, -0.58186495304108, 0.80480313301086, 0.1946993470192, -0.46190184354782, 1.48899269104004, 0.34581255912781, -0.9962837100029, 1.17207169532776, 0.17782448232174, 0, 0, 0, 0, 0, 0, -0.50450348854065, 0.89660483598709, 0.19076037406921, 0.65466767549515, 0.1173325702548, 2.34866690635681, 0.09689636528492, 0.05140437930822, -0.08581595867872, 0.18003033101559, 0.01057344861329, -0.01793964579701, 0.18986248970032, 0.00659136381, 0.00940074026585, 0.17568831145763, 0.01420776173472, 0.03847927600145, 0.14762869477272, 0.02119366824627, 0.05457248166203, -0.39498364925385, 0.81820946931839, 0.22618985176086, -0.37849968671799, 0.78982883691788, 0.11615151911974, -0.37770199775696, 0.79870331287384, 0.08821174502373, -0.3837913274765, 0.82865899801254, 0.07517136633396, -0.3981246650219, 0.8582039475441, 0.07926834374666
0.0670051574707, 1.03193521499634, 0.20115493237972, -1.09176242351532, 0.01402632799, -2.54110884666443, -0.58321899175644, 0.8027263879776, 0.19673596322536, -0.46223944425583, 1.48892998695374, 0.34610152244568, -0.99556297063828, 1.17403149604797, 0.17690686881542, 0, 0, 0, 0, 0, 0, -0.50476324558258, 0.89685624837875, 0.19222354888916, 0.64602494239807, 0.08797027170658, 2.30141234397888, 0.09689636528492, 0.05140437930822, -0.08581595867872, 0.18003033101559, 0.01057344861329, -0.01793964579701, 0.18986248970032, 0.00659136381, 0.00940074026585, 0.17568831145763, 0.01420776173472, 0.03847927600145, 0.14762869477272, 0.02119366824627, 0.05457248166203, -0.398197889328, 0.81496202945709, 0.22873164713383, -0.38270407915115, 0.78462970256805, 0.11907076835632, -0.38156831264496, 0.79312026500702, 0.09102362394333, -0.38655284047127, 0.82311356067657, 0.07760590314865, -0.39979976415634, 0.85321086645126, 0.08132128417492
-0.04428147897124, -0.16112564504147, 0.20227609574795, -0.72080230712891, -0.03844265267253, -2.10304474830627, -0.58685779571533, 0.80599611997604, 0.19928905367851, -0.46255213022232, 1.48879504203796, 0.34630632400513, -0.99464821815491, 1.17606639862061, 0.17626585066319, 0, 0, 0, 0, 0, 0, -0.5041835308075, 0.89776545763016, 0.19337129592896, 0.64054161310196, 0.0712092295289, 2.27427196502686, 0.09689636528492, 0.05140437930822, -0.08581595867872, 0.18003033101559, 0.01057344861329, -0.01793964579701, 0.18986248970032, 0.00659136381, 0.00940074026585, 0.17568831145763, 0.01420776173472, 0.03847927600145, 0.14762869477272, 0.02119366824627, 0.05457248166203, -0.39939397573471, 0.81389456987381, 0.23052635788918, -0.3845027089119, 0.78245204687119, 0.12109493464231, -0.38317579030991, 0.79071456193924, 0.09298813343048, -0.38751754164696, 0.8207094669342, 0.07935243844986, -0.40012460947037, 0.85110688209534, 0.08284404873848
-0.18551586568356, 0.56831359863281, 0.21717129647732, -1.49465978145599, -0.08975201100111, -4.38520479202271, -0.58818966150284, 0.80871999263763, 0.20104385912418, -0.46279153227806, 1.48855006694794, 0.3464959859848, -0.99326491355896, 1.1781564950943, 0.17510460317135, 0, 0, 0, 0, 0, 0, -0.50295376777649, 0.89893144369125, 0.19434058666229, 0.63803470134735, 0.06391450017691, 2.26243114471436, 0.09689636528492, 0.05140437930822, -0.08581595867872, 0.18003033101559, 0.01057344861329, -0.01793964579701, 0.18986248970032, 0.00659136381, 0.00940074026585, 0.17568831145763, 0.01420776173472, 0.03847927600145, 0.14762869477272, 0.02119366824627, 0.05457248166203, -0.3989577293396, 0.81420570611954, 0.23178458213806, -0.38433632254601, 0.78228205442429, 0.12245613336563, -0.38292643427849, 0.79044342041016, 0.09432384371758, -0.38698577880859, 0.82043445110321, 0.08059292286634, -0.39930999279022, 0.85095876455307, 0.08398594707251
-0.01101493742317, 0.42431828379631, 0.15790878236294, -0.86287891864777, -0.05768289417028, -2.54473972320557, -0.58778709173203, 0.81069654226303, 0.20227226614952, -0.46297213435173, 1.48827457427979, 0.34674263000488, -0.99234598875046, 1.17991983890533, 0.17401170730591, 0, 0, 0, 0, 0, 0, -0.50436854362488, 0.89661592245102, 0.19594287872314, 0.63057714700699, 0.04998924955726, 2.24388289451599, 0.09689636528492, 0.05140437930822, -0.08581595867872, 0.18003033101559, 0.01057344861329, -0.01793964579701, 0.18986248970032, 0.00659136381, 0.00940074026585, 0.17568831145763, 0.01420776173472, 0.03847927600145, 0.14762869477272, 0.02119366824627, 0.05457248166203, -0.401720225811, 0.81070762872696, 0.23439770936966, -0.38724932074547, 0.77766752243042, 0.12538136541843, -0.38564041256905, 0.78557336330414, 0.09718684852123, -0.38922488689423, 0.81550478935242, 0.08319617062807, -0.40111482143402, 0.84623152017593, 0.08629961311817
0.11430501192808, 0.27886390686035, 0.12410401552916, -0.37649217247963, -0.02757678180933, -1.11557030677795, -0.59049504995346, 0.80968755483627, 0.20435041189194, -0.46308651566505, 1.48802447319031, 0.34705674648285, -0.99268180131912, 1.18076753616333, 0.17282474040985, 0, 0, 0, 0, 0, 0, -0.50544309616089, 0.89563542604446, 0.19740462303162, 0.6203595995903, 0.03180542588234, 2.21955990791321, 0.09689636528492, 0.05140437930822, -0.08581595867872, 0.18003033101559, 0.01057344861329, -0.01793964579701, 0.18986248970032, 0.00659136381, 0.00940074026585, 0.17568831145763, 0.01420776173472, 0.03847927600145, 0.14762869477272, 0.02119366824627, 0.05457248166203, -0.40462055802345, 0.80819624662399, 0.23721528053284, -0.39037209749222, 0.77368074655533, 0.128627628088, -0.38850274682045, 0.78124207258224, 0.10035478323698, -0.39145508408546, 0.81108057498932, 0.08602203428745, -0.40276142954826, 0.84206300973892, 0.08873987942934
-0.21887539327145, -0.06115436181426, 0.17652510106564, -0.99599087238312, -0.35184207558632, -1.74113786220551, -0.59326326847076, 0.81048029661179, 0.20641702413559, -0.46319350600243, 1.48774528503418, 0.34731006622314, -0.99326276779175, 1.18123412132263, 0.17177475988865, 0, 0, 0, 0, 0, 0, -0.50640332698822, 0.89555889368057, 0.19895029067993, 0.60611152648926, 0.00802421662956, 2.1875307559967, 0.09689636528492, 0.05140437930822, -0.08581595867872, 0.18003033101559, 0.01057344861329, -0.01793964579701, 0.18986248970032, 0.00659136381, 0.00940074026585, 0.17568831145763, 0.01420776173472, 0.03847927600145, 0.14762869477272, 0.02119366824627, 0.05457248166203, -0.40808936953545, 0.80614173412323, 0.2405990511179, -0.3941815495491, 0.7696624994278, 0.13261084258556, -0.39197099208832, 0.77675276994705, 0.10424073785543, -0.39407444000244, 0.80644172430038, 0.08945494890213, -0.40458714962006, 0.83774310350418, 0.09165462106466
-0.18933533132076, 0.17156122624874, 0.15077410638332, -1.32181763648987, -0.4731177687645, -2.31419277191162, -0.59644812345505, 0.81284636259079, 0.20872662961483, -0.46314731240273, 1.48736119270325, 0.34757912158966, -0.99466061592102, 1.18079018592834, 0.17173327505589, 0, 0, 0, 0, 0, 0, -0.507408618927, 0.89657330513, 0.2006059885025, 0.58459031581879, -0.02486841194332, 2.14273071289063, 0.09689636528492, 0.05140437930822, -0.08581595867872, 0.18003033101559, 0.01057344861329, -0.01793964579701, 0.18986248970032, 0.00659136381, 0.00940074026585, 0.17568831145763, 0.01420776173472, 0.03847927600145, 0.14762869477272, 0.02119366824627, 0.05457248166203, -0.41281175613403, 0.80447208881378, 0.24492844939232, -0.39948081970215, 0.7652046084404, 0.13784918189049, -0.3967981338501, 0.7716007232666, 0.10935504734516, -0.39768245816231, 0.80102503299713, 0.09393085539341, -0.40703490376472, 0.83273541927338, 0.09538523852825
-0.18738268315792, 0.38058039546013, 0.14616785943508, -1.7716851234436, -0.64146018028259, -3.10820150375366, -0.60054886341095, 0.81749314069748, 0.21138677000999, -0.46314612030983, 1.48704051971436, 0.34774577617645, -0.99632620811462, 1.18056559562683, 0.17166511714458, 0, 0, 0, 0, 0, 0, -0.51007527112961, 0.89119505882263, 0.20227062702179, 0.56502062082291, -0.04291713982821, 2.11965155601501, 0.09689636528492, 0.05140437930822, -0.08581595867872, 0.18003033101559, 0.01057344861329, -0.01793964579701, 0.18986248970032, 0.00659136381, 0.00940074026585, 0.17568831145763, 0.01420776173472, 0.03847927600145, 0.14762869477272, 0.02119366824627, 0.05457248166203, -0.41758278012276, 0.79807990789413, 0.24885809421539, -0.4044743180275, 0.75653159618378, 0.14261534810066, -0.40151250362396, 0.76233166456223, 0.11402148008347, -0.40172415971756, 0.79147011041641, 0.09804078936577, -0.41044580936432, 0.82338285446167, 0.09884415566921
-0.20627973973751, 0.68439239263535, 0.13021409511566, -2.54464673995972, -0.93164163827896, -4.47292900085449, -0.60483998060226, 0.81420904397964, 0.21400964260101, -0.46316283941269, 1.48669326305389, 0.34791564941406, -0.9989777803421, 1.17932653427124, 0.17240786552429, 0, 0, 0, 0, 0, 0, -0.51235556602478, 0.88664519786835, 0.20409178733826, 0.54321825504303, -0.06205233931541, 2.09492135047913, 0.09689636528492, 0.05140437930822, -0.08581595867872, 0.18003033101559, 0.01057344861329, -0.01793964579701, 0.18986248970032, 0.00659136381, 0.00940074026585, 0.17568831145763, 0.01420776173472, 0.03847927600145, 0.14762869477272, 0.02119366824627, 0.05457248166203, -0.4222294986248, 0.79249662160873, 0.25317350029945, -0.40942120552063, 0.74847531318665, 0.14789441227913, -0.40616291761398, 0.75361448526382, 0.11920653283596, -0.4056333899498, 0.78241294622421, 0.10262803733349, -0.41364887356758, 0.81452023983002, 0.10271856188774
-0.35684821009636, -0.34406659007072, 0.15177546441555, -2.26701593399048, -0.65970885753632, -2.40187668800354, -0.60887384414673, 0.81203007698059, 0.21681213378906, -0.46311476826668, 1.4862973690033, 0.34805452823639, -1.00104665756226, 1.17891156673431, 0.17347896099091, 0, 0, 0, 0, 0, 0, -0.51381123065948, 0.88307613134384, 0.20574915409088, 0.52879256010056, -0.07421785593033, 2.07905244827271, 0.09689636528492, 0.05140437930822, -0.08581595867872, 0.18003033101559, 0.01057344861329, -0.01793964579701, 0.18986248970032, 0.00659136381, 0.00940074026585, 0.17568831145763, 0.01420776173472, 0.03847927600145, 0.14762869477272, 0.02119366824627, 0.05457248166203, -0.42526644468307, 0.78829556703568, 0.2564654648304, -0.41268610954285, 0.74267596006393, 0.15184135735035, -0.40923941135406, 0.74737960100174, 0.12310083210468, -0.40822318196297, 0.77594101428986, 0.10613934695721, -0.4157686829567, 0.80815994739532, 0.10576525330544
-0.30702349543571, -0.21303175389767, 0.15767632424831, -2.48216533660889, -0.73506820201874, -2.65948128700256, -0.61145967245102, 0.81005316972733, 0.21906912326813, -0.46313345432281, 1.48589491844177, 0.34821236133575, -1.00268375873566, 1.17854845523834, 0.17437680065632, 0, 0, 0, 0, 0, 0, -0.51464927196503, 0.88055902719498, 0.20723652839661, 0.51815271377563, -0.08298288285732, 2.06755089759827, 0.09689636528492, 0.05140437930822, -0.08581595867872, 0.18003033101559, 0.01057344861329, -0.01793964579701, 0.18986248970032, 0.00659136381, 0.00940074026585, 0.17568831145763, 0.01420776173472, 0.03847927600145, 0.14762869477272, 0.02119366824627, 0.05457248166203, -0.4272820353508, 0.78533565998077, 0.25915142893791, -0.41488432884216, 0.73855608701706, 0.15501889586449, -0.41130203008652, 0.7429393529892, 0.12624432146549, -0.40992769598961, 0.77131986618042, 0.10900674015284, -0.41712430119514, 0.8036128282547, 0.10829348862171
-0.19243238866329, -0.20916937291622, 0.15429495275021, -1.61429059505463, -0.48690664768219, -1.74991798400879, -0.61311835050583, 0.80872470140457, 0.2209724187851, -0.46313726902008, 1.48554944992065, 0.34832990169525, -1.00403082370758, 1.17864203453064, 0.17519256472588, 0, 0, 0, 0, 0, 0, -0.51740729808807, 0.86828136444092, 0.20776450634003, 0.51234751939774, -0.08049557358027, 2.07787108421326, 0.09689636528492, 0.05140437930822, -0.08581595867872, 0.18003033101559, 0.01057344861329, -0.01793964579701, 0.18986248970032, 0.00659136381, 0.00940074026585, 0.17568831145763, 0.01420776173472, 0.03847927600145, 0.14762869477272, 0.02119366824627, 0.05457248166203, -0.429373472929, 0.77414256334305, 0.26052451133728, -0.41630673408508, 0.72679316997528, 0.15673184394836, -0.41268610954285, 0.73101937770844, 0.12793856859207, -0.41150692105293, 0.75929772853851, 0.11051961779594, -0.41897481679916, 0.79152309894562, 0.10957702994347
-0.11149405688047, -0.14061212539673, 0.14323888719082, -1.17697179317474, -0.36121079325676, -1.28973543643951, -0.61530029773712, 0.79570508003235, 0.22171601653099, -0.46315267682076, 1.4852077960968, 0.34845781326294, -1.00531625747681, 1.17879402637482, 0.17621926963329, 0, 0, 0, 0, 0, 0, -0.519107401371, 0.85908114910126, 0.20850014686584, 0.5055570602417, -0.07835941016674, 2.08838987350464, 0.09689636528492, 0.05140437930822, -0.08581595867872, 0.18003033101559, 0.01057344861329, -0.01793964579701, 0.18986248970032, 0.00659136381, 0.00940074026585, 0.17568831145763, 0.01420776173472, 0.03847927600145, 0.14762869477272, 0.02119366824627, 0.05457248166203, -0.4304264485836, 0.7661030292511, 0.26222574710846, -0.416639149189, 0.71809262037277, 0.15883074700832, -0.41296803951263, 0.72213423252106, 0.13001736998558, -0.41197964549065, 0.75029057264328, 0.11239007860422, -0.41972172260284, 0.78244239091873, 0.11118341237307
-0.32068488001823, -1.60555589199066, 0.03072917275131, -0.78235405683517, -0.3115639090538, 1.01056182384491, -0.61641383171082, 0.78576928377151, 0.22270682454109, -0.46319988369942, 1.48487162590027, 0.3486202955246, -1.00614416599274, 1.17888641357422, 0.17732544243336, 0, 0, 0, 0, 0, 0, -0.5199236869812, 0.85230493545532, 0.20935249328613, 0.49637773633003, -0.07637277245522, 2.10083842277527, 0.09689636528492, 0.05140437930822, -0.08581595867872, 0.18003033101559, 0.01057344861329, -0.01793964579701, 0.18986248970032, 0.00659136381, 0.00940074026585, 0.17568831145763, 0.01420776173472, 0.03847927600145, 0.14762869477272, 0.02119366824627, 0.05457248166203, -0.43052092194557, 0.7607764005661, 0.26435571908951, -0.41582879424095, 0.71188008785248, 0.16150189936161, -0.41208249330521, 0.71567130088806, 0.13266417384148, -0.41130885481834, 0.74365901947021, 0.1147598028183, -0.41937214136124, 0.77571660280228, 0.11320067197084
-0.19217489659786, -1.23895871639252, 0.05176663026214, -0.90050208568573, -0.35901722311974, 1.03541648387909, -0.61653715372086, 0.77815008163452, 0.22390912473202, -0.46320453286171, 1.48454916477203, 0.34878361225128, -1.00664687156677, 1.1793612241745, 0.17789986729622, 0, 0, 0, 0, 0, 0, -0.52015829086304, 0.8470538854599, 0.21027505397797, 0.48438209295273, -0.07485086470842, 2.11505365371704, 0.09689636528492, 0.05140437930822, -0.08581595867872, 0.18003033101559, 0.01057344861329, -0.01793964579701, 0.18986248970032, 0.00659136381, 0.00940074026585, 0.17568831145763, 0.01420776173472, 0.03847927600145, 0.14762869477272, 0.02119366824627, 0.05457248166203, -0.42999291419983, 0.75728726387024, 0.26691290736198, -0.414196819067, 0.70724469423294, 0.16477653384209, -0.41034331917763, 0.71070754528046, 0.1359116435051, -0.40979945659637, 0.7384694814682, 0.11765084415674, -0.41822463274002, 0.77040833234787, 0.11563599854708
-0.08211850374937, -0.97324126958847, 0.05503356084228, -1.19917392730713, -0.47892931103706, 1.2211412191391, -0.61598283052444, 0.77197396755219, 0.22529715299606, -0.46311512589455, 1.48419892787933, 0.34892535209656, -1.00729846954346, 1.18010270595551, 0.17814488708973, 0, 0, 0, 0, 0, 0, -0.52303421497345, 0.83302789926529, 0.20965933799744, 0.48886498808861, -0.0420491732657, 2.16982483863831, 0.09689636528492, 0.05140437930822, -0.08581595867872, 0.18003033101559, 0.01057344861329, -0.01793964579701, 0.18986248970032, 0.00659136381, 0.00940074026585, 0.17568831145763, 0.01420776173472, 0.03847927600145, 0.14762869477272, 0.02119366824627, 0.05457248166203, -0.42820915579796, 0.74766409397125, 0.26548859477043, -0.41073906421661, 0.6985981464386, 0.16315115988255, -0.4072667658329, 0.70228660106659, 0.13426586985588, -0.4082036614418, 0.73006904125214, 0.1160521954298, -0.41818434000015, 0.76156383752823, 0.11415567994118
-0.00756025267765, -0.81373924016953, 0.05173444375396, -1.55040979385376, -0.6213036775589, 1.39328384399414, -0.61498844623566, 0.75335967540741, 0.22522848844528, -0.46296012401581, 1.48387551307678, 0.34907531738281, -1.00825691223145, 1.18068611621857, 0.1785175204277, 0, 0, 0, 0, 0, 0, -0.52441143989563, 0.82249110937119, 0.20964860916138, 0.49065190553665, -0.012968913652, 2.21874785423279, 0.09689636528492, 0.05140437930822, -0.08581595867872, 0.18003033101559, 0.01057344861329, -0.01793964579701, 0.18986248970032, 0.00659136381, 0.00940074026585, 0.17568831145763, 0.01420776173472, 0.03847927600145, 0.14762869477272, 0.02119366824627, 0.05457248166203, -0.42565083503723, 0.7412765622139, 0.26484122872353, -0.40669977664948, 0.69305884838104, 0.16236427426338, -0.40356546640396, 0.69690734148026, 0.13346120715141, -0.40581196546555, 0.72463184595108, 0.11527378112078, -0.41715487837791, 0.75566703081131, 0.11346061527729
-0.25088310241699, -2.42149090766907, 0.03205239772797, 0.19660487771034, 0.86123293638229, 5.83036756515503, -0.61274284124374, 0.73891830444336, 0.22571541368961, -0.4627939760685, 1.48357498645782, 0.34927296638489, -1.00916695594788, 1.1810656785965, 0.17814375460148, 0, 0, 0, 0, 0, 0, -0.52506113052368, 0.81458020210266, 0.2099552154541, 0.49044454097748, 0.00958954170346, 2.25715947151184, 0.09689636528492, 0.05140437930822, -0.08581595867872, 0.18003033101559, 0.01057344861329, -0.01793964579701, 0.18986248970032, 0.00659136381, 0.00940074026585, 0.17568831145763, 0.01420776173472, 0.03847927600145, 0.14762869477272, 0.02119366824627, 0.05457248166203, -0.42336118221283, 0.736776471138, 0.2647217810154, -0.40324431657791, 0.68919348716736, 0.16217035055161, -0.40037098526955, 0.69313609600067, 0.13325284421444, -0.4036363363266, 0.72076243162155, 0.11507041752338, -0.41603201627731, 0.75139498710632, 0.1133020222187
-0.05069017037749, -1.91684949398041, 0.08866488188505, 0.07183958590031, 0.72757643461227, 5.18567371368408, -0.61043834686279, 0.72806870937347, 0.22643195092678, -0.462566614151, 1.48335695266724, 0.34943807125092, -1.0108368396759, 1.18134582042694, 0.17793442308903, 0, 0, 0, 0, 0, 0, -0.52514064311981, 0.80800050497055, 0.21046674251556, 0.48882681131363, 0.03067677095532, 2.29361963272095, 0.09689636528492, 0.05140437930822, -0.08581595867872, 0.18003033101559, 0.01057344861329, -0.01793964579701, 0.18986248970032, 0.00659136381, 0.00940074026585, 0.17568831145763, 0.01420776173472, 0.03847927600145, 0.14762869477272, 0.02119366824627, 0.05457248166203, -0.42077431082726, 0.73356783390045, 0.26490131020546, -0.39953809976578, 0.68655133247375, 0.16231432557106, -0.39690664410591, 0.6905545592308, 0.13338214159012, -0.40113109350204, 0.71804261207581, 0.11518773436546, -0.41451352834702, 0.74825835227966, 0.11344061046839
0.03201484680176, -1.457390666008, 0.10453819483519, -0.03173968940973, 0.53520876169205, 4.06556129455566, -0.60762280225754, 0.71880221366882, 0.22735920548439, -0.46243107318878, 1.48322951793671, 0.34968411922455, -1.01289594173431, 1.18096554279327, 0.17799800634384, 0, 0, 0, 0, 0, 0, -0.52771294116974, 0.79764515161514, 0.20767116546631, 0.49399855732918, 0.06675340980291, 2.34629583358765, 0.09689636528492, 0.05140437930822, -0.08581595867872, 0.18003033101559, 0.01057344861329, -0.01793964579701, 0.18986248970032, 0.00659136381, 0.00940074026585, 0.17568831145763, 0.01420776173472, 0.03847927600145, 0.14762869477272, 0.02119366824627, 0.05457248166203, -0.41941517591476, 0.72772121429443, 0.26037704944611, -0.39720410108566, 0.68247121572495, 0.15720376372337, -0.39508929848671, 0.68679881095886, 0.12827588617802, -0.40078258514404, 0.71419221162796, 0.11034091562033, -0.41556203365326, 0.74376982450485, 0.10897377133369
0.1112222597003, -1.26890647411346, 0.12363731116056, -0.11627868562937, 0.47232741117477, 3.86236906051636, -0.60580003261566, 0.70461595058441, 0.2247873544693, -0.46237391233444, 1.48319637775421, 0.34992980957031, -1.01522278785706, 1.18004465103149, 0.17812325060368, 0, 0, 0, 0, 0, 0, -0.52914798259735, 0.78936314582825, 0.20609104633331, 0.49635425209999, 0.09708148986101, 2.39094638824463, 0.09689636528492, 0.05140437930822, -0.08581595867872, 0.18003033101559, 0.01057344861329, -0.01793964579701, 0.18986248970032, 0.00659136381, 0.00940074026585, 0.17568831145763, 0.01420776173472, 0.03847927600145, 0.14762869477272, 0.02119366824627, 0.05457248166203, -0.41772943735123, 0.72343075275421, 0.25741848349571, -0.3947252035141, 0.67963695526123, 0.1537916213274, -0.39304709434509, 0.68419927358627, 0.1248712092638, -0.39996737241745, 0.71144616603851, 0.10714563727379, -0.41589891910553, 0.74043214321136, 0.10608124732971
-0.10918378084898, -1.9206475019455, -0.20278035104275, 0.89100956916809, 1.34584748744965, 5.53815412521362, -0.60339361429214, 0.69327020645142, 0.22337494790554, -0.46233531832695, 1.48317813873291, 0.35015833377838, -1.01735234260559, 1.17930495738983, 0.17868264019489, 0, 0, 0, 0, 0, 0, -0.52965235710144, 0.78213202953339, 0.20525121688843, 0.4968421459198, 0.12769800424576, 2.4364926815033, 0.09689636528492, 0.05140437930822, -0.08581595867872, 0.18003033101559, 0.01057344861329, -0.01793964579701, 0.18986248970032, 0.00659136381, 0.00940074026585, 0.17568831145763, 0.01420776173472, 0.03847927600145, 0.14762869477272, 0.02119366824627, 0.05457248166203, -0.41524603962898, 0.72043484449387, 0.25525456666946, -0.39145568013191, 0.67808765172958, 0.15120482444763, -0.39022064208984, 0.68285179138184, 0.12229461967945, -0.39837664365768, 0.7098867893219, 0.10477133095264, -0.41545543074608, 0.73822140693665, 0.10399669408798
0.0216150265187, -1.55950772762299, -0.0850707218051, 0.66729545593262, 1.09260928630829, 4.67459630966187, -0.59986555576324, 0.68308210372925, 0.22269336879253, -0.46239098906517, 1.48319733142853, 0.35041499137878, -1.01876735687256, 1.1776909828186, 0.17990213632584, 0, 0, 0, 0, 0, 0, -0.53003478050232, 0.77597403526306, 0.20478248596191, 0.4958544075489, 0.1513088196516, 2.47204518318176, 0.09689636528492, 0.05140437930822, -0.08581595867872, 0.18003033101559, 0.01057344861329, -0.01793964579701, 0.18986248970032, 0.00659136381, 0.00940074026585, 0.17568831145763, 0.01420776173472, 0.03847927600145, 0.14762869477272, 0.02119366824627, 0.05457248166203, -0.41343235969543, 0.71770203113556, 0.25381234288216, -0.3890380859375, 0.67645514011383, 0.14946085214615, -0.38814628124237, 0.6813497543335, 0.12055982649326, -0.39725634455681, 0.70817506313324, 0.10318491607904, -0.41521227359772, 0.73596715927124, 0.10262182354927
0.16062496602535, -1.43692004680634, -0.00081002706429, 0.59725087881088, 1.06969738006592, 4.76920318603516, -0.59701669216156, 0.67473191022873, 0.22234536707401, -0.46253222227097, 1.48326587677002, 0.35066783428192, -1.01960909366608, 1.17652082443237, 0.18008215725422, 0, 0, 0, 0, 0, 0, -0.53147208690643, 0.77672159671783, 0.20282959938049, 0.5072900056839, 0.17213089764118, 2.49809145927429, 0.09689636528492, 0.05140437930822, -0.08581595867872, 0.18003033101559, 0.01057344861329, -0.01793964579701, 0.18986248970032, 0.00659136381, 0.00940074026585, 0.17568831145763, 0.01420776173472, 0.03847927600145, 0.14762869477272, 0.02119366824627, 0.05457248166203, -0.41328185796738, 0.72015976905823, 0.25002607703209, -0.38892450928688, 0.68098497390747, 0.14487060904503, -0.38837817311287, 0.68632638454437, 0.11604019254446, -0.39818632602692, 0.71321231126785, 0.09914565086365, -0.41671603918076, 0.74063098430634, 0.0991470143199
0.14340160787106, -1.1782191991806, 0.01758098602295, 0.40426781773567, 0.80134683847427, 3.73140382766724, -0.59619987010956, 0.67386078834534, 0.21941187977791, -0.46270003914833, 1.48334383964539, 0.35094773769379, -1.01988458633423, 1.17523944377899, 0.18042683601379, 0, 0, 0, 0, 0, 0, -0.53253138065338, 0.77596086263657, 0.20150172710419, 0.51537501811981, 0.18997226655483, 2.52091217041016, 0.09689636528492, 0.05140437930822, -0.08581595867872, 0.18003033101559, 0.01057344861329, -0.01793964579701, 0.18986248970032, 0.00659136381, 0.00940074026585, 0.17568831145763, 0.01420776173472, 0.03847927600145, 0.14762869477272, 0.02119366824627, 0.05457248166203, -0.41302061080933, 0.72101652622223, 0.24726182222366, -0.38867217302322, 0.68349969387054, 0.14150144159794, -0.38841789960861, 0.68918067216873, 0.11273193359375, -0.3988248705864, 0.71607613563538, 0.09621508419514, -0.41784688830376, 0.74315202236176, 0.09665609896183
-0.03790139779449, -0.20209549367428, -0.21465359628201, 1.7945556640625, 0.99524539709091, 2.48282670974731, -0.59527486562729, 0.67175817489624, 0.21731494367123, -0.46287655830383, 1.48345017433167, 0.35120141506195, -1.01952254772186, 1.17397511005402, 0.18145483732224, 0, 0, 0, 0, 0, 0, -0.53335005044937, 0.77431493997574, 0.20048356056213, 0.5218403339386, 0.20739109814167, 2.54362559318542, 0.09689636528492, 0.05140437930822, -0.08581595867872, 0.18003033101559, 0.01057344861329, -0.01793964579701, 0.18986248970032, 0.00659136381, 0.00940074026585, 0.17568831145763, 0.01420776173472, 0.03847927600145, 0.14762869477272, 0.02119366824627, 0.05457248166203, -0.41258436441422, 0.72107917070389, 0.24495017528534, -0.38822513818741, 0.68508702516556, 0.13866370916367, -0.38825318217278, 0.69106411933899, 0.10995315015316, -0.39924639463425, 0.71793353557587, 0.09377725422382, -0.41875034570694, 0.74465489387512, 0.09461215138435
-0.00436305999756, -0.34428831934929, -0.14431355893612, 1.38370430469513, 0.80042070150375, 2.17327618598938, -0.59410452842712, 0.66883862018585, 0.21560446918011, -0.46312347054482, 1.48358583450317, 0.35146427154541, -1.01883089542389, 1.17320823669434, 0.18160706758499, 0, 0, 0, 0, 0, 0, -0.5340057015419, 0.77207720279694, 0.19963121414185, 0.52720266580582, 0.22534355521202, 2.56742095947266, 0.09689636528492, 0.05140437930822, -0.08581595867872, 0.18003033101559, 0.01057344861329, -0.01793964579701, 0.18986248970032, 0.00659136381, 0.00940074026585, 0.17568831145763, 0.01420776173472, 0.03847927600145, 0.14762869477272, 0.02119366824627, 0.05457248166203, -0.41198354959488, 0.72072023153305, 0.24286003410816, -0.38759881258011, 0.68621933460236, 0.13608601689339, -0.38791590929031, 0.6924701333046, 0.10743556171656, -0.39951479434967, 0.71928000450134, 0.09158708155155, -0.4195157289505, 0.74561685323715, 0.09279744327068
0.02862453274429, -0.44729945063591, -0.10885833948851, 1.22831296920776, 0.73946690559387, 2.16819620132446, -0.59265840053558, 0.66532576084137, 0.21408748626709, -0.46330624818802, 1.48371577262878, 0.35175800323486, -1.01762700080872, 1.17263424396515, 0.1825337857008, 0, 0, 0, 0, 0, 0, -0.53537756204605, 0.77666127681732, 0.1977744102478, 0.54775834083557, 0.22944378852844, 2.56081080436707, 0.09689636528492, 0.05140437930822, -0.08581595867872, 0.18003033101559, 0.01057344861329, -0.01793964579701, 0.18986248970032, 0.00659136381, 0.00940074026585, 0.17568831145763, 0.01420776173472, 0.03847927600145, 0.14762869477272, 0.02119366824627, 0.05457248166203, -0.41357135772705, 0.72327220439911, 0.23910889029503, -0.39033055305481, 0.69053846597672, 0.13152642548084, -0.39079535007477, 0.69732922315598, 0.10300113260746, -0.40223598480225, 0.7245477437973, 0.0877453237772, -0.42195683717728, 0.75105780363083, 0.08959970623255
0.05933045968413, -0.52813768386841, -0.0899523422122, 1.1595276594162, 0.72449642419815, 2.27651381492615, -0.59501141309738, 0.67025464773178, 0.21067528426647, -0.46347177028656, 1.48380792140961, 0.35207283496857, -1.01636302471161, 1.17177999019623, 0.18359619379044, 0, 0, 0, 0, 0, 0, -0.53653591871262, 0.77952462434769, 0.19636797904968, 0.5625684261322, 0.233757391572, 2.55811309814453, 0.09689636528492, 0.05140437930822, -0.08581595867872, 0.18003033101559, 0.01057344861329, -0.01793964579701, 0.18986248970032, 0.00659136381, 0.00940074026585, 0.17568831145763, 0.01420776173472, 0.03847927600145, 0.14762869477272, 0.02119366824627, 0.05457248166203, -0.41480097174644, 0.72488582134247, 0.23625385761261, -0.39235934615135, 0.69352167844772, 0.12809526920319, -0.39294809103012, 0.70071089267731, 0.09967007488012, -0.40432095527649, 0.72820240259171, 0.08485961705446, -0.42388027906418, 0.75479400157928, 0.08719539642334
-0.2366137355566, 0.68304771184921, -0.25766551494598, 2.24784851074219, 0.89754712581635, -1.21733605861664, -0.59669768810272, 0.67328399419785, 0.20813572406769, -0.46358290314674, 1.48394572734833, 0.35237312316895, -1.01539123058319, 1.17073178291321, 0.1848700940609, 0, 0, 0, 0, 0, 0, -0.53760188817978, 0.78142273426056, 0.19523930549622, 0.57108122110367, 0.2370830476284, 2.55780124664307, 0.09689636528492, 0.05140437930822, -0.08581595867872, 0.18003033101559, 0.01057344861329, -0.01793964579701, 0.18986248970032, 0.00659136381, 0.00940074026585, 0.17568831145763, 0.01420776173472, 0.03847927600145, 0.14762869477272, 0.02119366824627, 0.05457248166203, -0.41585227847099, 0.72618693113327, 0.23424850404263, -0.39385840296745, 0.69566303491592, 0.12575805187225, -0.39452993869781, 0.70308697223663, 0.09739509224892, -0.4058923125267, 0.73072457313538, 0.0828508362174, -0.42538332939148, 0.75733953714371, 0.08547341823578
-0.17805574834347, 0.41710850596428, -0.19025622308254, 1.66807103157043, 0.6888387799263, -0.67664903402328, -0.59796184301376, 0.67522317171097, 0.20634476840496, -0.46366730332375, 1.48408567905426, 0.35270714759827, -1.01448631286621, 1.16861689090729, 0.18683630228043, 0, 0, 0, 0, 0, 0, -0.53868627548218, 0.78264355659485, 0.1942777633667, 0.57542699575424, 0.23920032382011, 2.55824398994446, 0.09689636528492, 0.05140437930822, -0.08581595867872, 0.18003033101559, 0.01057344861329, -0.01793964579701, 0.18986248970032, 0.00659136381, 0.00940074026585, 0.17568831145763, 0.01420776173472, 0.03847927600145, 0.14762869477272, 0.02119366824627, 0.05457248166203, -0.41690063476563, 0.72715973854065, 0.23281975090504, -0.39513066411018, 0.69708943367004, 0.12415760755539, -0.39585047960281, 0.70463597774506, 0.0958282276988, -0.40722161531448, 0.73234355449677, 0.08142460137606, -0.42668989300728, 0.75895982980728, 0.08419848233461
-0.14315842092037, 0.25664091110229, -0.14628051221371, 0.98399901390076, 0.41831982135773, -0.26855877041817, -0.59909617900848, 0.67643696069717, 0.2050387263298, -0.46375980973244, 1.48425722122192, 0.35297346115112, -1.01422989368439, 1.16604161262512, 0.18910849094391, 0, 0, 0, 0, 0, 0, -0.54033851623535, 0.78939634561539, 0.19373595714569, 0.58487462997437, 0.23269845545292, 2.54448819160461, 0.09689636528492, 0.05140437930822, -0.08581595867872, 0.18003033101559, 0.01057344861329, -0.01793964579701, 0.18986248970032, 0.00659136381, 0.00940074026585, 0.17568831145763, 0.01420776173472, 0.03847927600145, 0.14762869477272, 0.02119366824627, 0.05457248166203, -0.41926887631416, 0.73203724622726, 0.2317852973938, -0.39801186323166, 0.70238536596298, 0.12290681898594, -0.39865869283676, 0.71012490987778, 0.09462780505419, -0.40967193245888, 0.73807537555695, 0.0804165750742, -0.4287790954113, 0.7649313211441, 0.08338418602943
-0.13446807861328, 0.15472410619259, -0.12037216871977, 0.51570791006088, 0.22451877593994, -0.07973009347916, -0.60215520858765, 0.68394047021866, 0.20387288928032, -0.46377745270729, 1.48442149162292, 0.35319840908051, -1.01437032222748, 1.16290068626404, 0.19256596267223, 0, 0, 0, 0, 0, 0, -0.54259097576141, 0.79582822322845, 0.19293987751007, 0.60015189647675, 0.22291147708893, 2.52343988418579, 0.09689636528492, 0.05140437930822, -0.08581595867872, 0.18003033101559, 0.01057344861329, -0.01793964579701, 0.18986248970032, 0.00659136381, 0.00940074026585, 0.17568831145763, 0.01420776173472, 0.03847927600145, 0.14762869477272, 0.02119366824627, 0.05457248166203, -0.42265033721924, 0.73559212684631, 0.23010885715485, -0.40220680832863, 0.70670664310455, 0.12086918205023, -0.40274757146835, 0.71476721763611, 0.09267774969339, -0.41321274638176, 0.74309110641479, 0.07879546284676, -0.43176066875458, 0.77029800415039, 0.08209581673145
-0.29174563288689, 0.99229568243027, -0.09623765200377, 0.78115832805634, 0.12610547244549, -1.60213315486908, -0.60653430223465, 0.69155359268188, 0.20205342769623, -0.46380472183228, 1.48457825183868, 0.35343670845032, -1.01466619968414, 1.1601231098175, 0.19534128904343, 0, 0, 0, 0, 0, 0, -0.54456686973572, 0.80073022842407, 0.19224870204926, 0.61098682880402, 0.21653819084167, 2.50943803787231, 0.09689636528492, 0.05140437930822, -0.08581595867872, 0.18003033101559, 0.01057344861329, -0.01793964579701, 0.18986248970032, 0.00659136381, 0.00940074026585, 0.17568831145763, 0.01420776173472, 0.03847927600145, 0.14762869477272, 0.02119366824627, 0.05457248166203, -0.42539948225021, 0.73857152462006, 0.22873315215111, -0.40551924705505, 0.710294008255, 0.11923075467348, -0.40599378943443, 0.71858859062195, 0.09110609441996, -0.41609412431717, 0.7471632361412, 0.07746969163418, -0.43426513671875, 0.77459216117859, 0.08101969212294
-0.40833947062492, 1.05237722396851, -0.14234840869904, 1.31480157375336, 0.23649150133133, -2.45968818664551, -0.60990858078003, 0.69726401567459, 0.20062774419785, -0.46384459733963, 1.48472058773041, 0.35371220111847, -1.01522028446198, 1.1571090221405, 0.1980100274086, 0, 0, 0, 0, 0, 0, -0.5464494228363, 0.80444520711899, 0.1915762424469, 0.62098753452301, 0.21125596761703, 2.49744915962219, 0.09689636528492, 0.05140437930822, -0.08581595867872, 0.18003033101559, 0.01057344861329, -0.01793964579701, 0.18986248970032, 0.00659136381, 0.00940074026585, 0.17568831145763, 0.01420776173472, 0.03847927600145, 0.14762869477272, 0.02119366824627, 0.05457248166203, -0.42795869708061, 0.74061977863312, 0.2273805141449, -0.40858560800552, 0.71295654773712, 0.11763059347868, -0.40900814533234, 0.72147262096405, 0.0895713493228, -0.41879549622536, 0.75026744604111, 0.07617203146219, -0.43663889169693, 0.77787852287292, 0.07996343076229
-0.32568451762199, 0.77643865346909, -0.11337696760893, 0.96825009584427, 0.19172134995461, -1.63246762752533, -0.61298274993896, 0.70168763399124, 0.19927021861076, -0.46390670537949, 1.48485243320465, 0.35398030281067, -1.01612997055054, 1.15473854541779, 0.20043128728867, 0, 0, 0, 0, 0, 0, -0.54510885477066, 0.8150862455368, 0.19161713123322, 0.6239287853241, 0.20162339508533, 2.48105454444885, 0.09689636528492, 0.05140437930822, -0.08581595867872, 0.18003033101559, 0.01057344861329, -0.01793964579701, 0.18986248970032, 0.00659136381, 0.00940074026585, 0.17568831145763, 0.01420776173472, 0.03847927600145, 0.14762869477272, 0.02119366824627, 0.05457248166203, -0.42750236392021, 0.74964535236359, 0.22742053866386, -0.40850019454956, 0.72173672914505, 0.11766789853573, -0.40880441665649, 0.73026186227798, 0.0896098986268, -0.41819709539413, 0.7591894865036, 0.07621414959431, -0.43566253781319, 0.78704082965851, 0.08000837266445
-0.29999253153801, 0.60862535238266, -0.10657488554716, 0.92096322774887, 0.19681285321712, -1.39849412441254, -0.61303812265396, 0.71324455738068, 0.19929096102715, -0.46396413445473, 1.48499357700348, 0.35423541069031, -1.01654255390167, 1.15307688713074, 0.20211897790432, 0, 0, 0, 0, 0, 0, -0.54448246955872, 0.82320147752762, 0.19153583049774, 0.62644356489182, 0.19368666410446, 2.46745729446411, 0.09689636528492, 0.05140437930822, -0.08581595867872, 0.18003033101559, 0.01057344861329, -0.01793964579701, 0.18986248970032, 0.00659136381, 0.00940074026585, 0.17568831145763, 0.01420776173472, 0.03847927600145, 0.14762869477272, 0.02119366824627, 0.05457248166203, -0.4276225566864, 0.75642454624176, 0.22731685638428, -0.40893924236298, 0.72833585739136, 0.11755539476871, -0.40914762020111, 0.7368723154068, 0.0894999653101, -0.41821298003197, 0.76590836048126, 0.07611313462257, -0.4353623688221, 0.79395419359207, 0.07991613447666
0.07666825503111, 1.46865594387054, 0.00295400596224, 0.0205877572298, -0.00827113166451, -1.63838601112366, -0.6135585308075, 0.72213190793991, 0.19918060302734, -0.46408906579018, 1.48514497280121, 0.35448527336121, -1.01699364185333, 1.15239715576172, 0.2027081400156, 0, 0, 0, 0, 0, 0, -0.54468047618866, 0.82950150966644, 0.19136536121368, 0.62995976209641, 0.18291568756104, 2.44889903068542, 0.09689636528492, 0.05140437930822, -0.08581595867872, 0.18003033101559, 0.01057344861329, -0.01793964579701, 0.18986248970032, 0.00659136381, 0.00940074026585, 0.17568831145763, 0.01420776173472, 0.03847927600145, 0.14762869477272, 0.02119366824627, 0.05457248166203, -0.42885863780975, 0.76090896129608, 0.22708705067635, -0.41062462329865, 0.73260653018951, 0.11730495840311, -0.41070514917374, 0.74116325378418, 0.08925504237413, -0.41932380199432, 0.7703440785408, 0.07588814198971, -0.43603855371475, 0.79864835739136, 0.07971154898405
0.00736713362858, 1.13358736038208, -0.0112599125132, 0.036042843014, 0.00253995903768, -1.35607266426086, -0.6153045296669, 0.72950333356857, 0.19895493984222, -0.46416738629341, 1.48526406288147, 0.35469114780426, -1.01704752445221, 1.15215456485748, 0.20351484417915, 0, 0, 0, 0, 0, 0, -0.54532384872437, 0.83446341753006, 0.1911438703537, 0.63378900289536, 0.17139805853367, 2.42896771430969, 0.09689636528492, 0.05140437930822, -0.08581595867872, 0.18003033101559, 0.01057344861329, -0.01793964579701, 0.18986248970032, 0.00659136381, 0.00940074026585, 0.17568831145763, 0.01420776173472, 0.03847927600145, 0.14762869477272, 0.02119366824627, 0.05457248166203, -0.43064111471176, 0.76393514871597, 0.22677113115788, -0.41290390491486, 0.73543846607208, 0.11695788800716, -0.41285008192062, 0.74402165412903, 0.08891598880291, -0.42098924517632, 0.77335327863693, 0.07557857781649, -0.43723359704018, 0.80192595720291, 0.07943277060986
-0.1132392808795, 0.974957883358, -0.02226412110031, 0.07715456932783, 0.01626402325928, -1.84937286376953, -0.61758691072464, 0.73563742637634, 0.19865874946117, -0.46428701281548, 1.48536014556885, 0.35490536689758, -1.01687014102936, 1.15223848819733, 0.20396095514297, 0, 0, 0, 0, 0, 0, -0.54150414466858, 0.85029411315918, 0.19221150875092, 0.63504010438919, 0.13901050388813, 2.37915205955505, 0.09689636528492, 0.05140437930822, -0.08581595867872, 0.18003033101559, 0.01057344861329, -0.01793964579701, 0.18986248970032, 0.00659136381, 0.00940074026585, 0.17568831145763, 0.01420776173472, 0.03847927600145, 0.14762869477272, 0.02119366824627, 0.05457248166203, -0.42982006072998, 0.77543550729752, 0.22852323949337, -0.41292917728424, 0.7457041144371, 0.11890406906605, -0.41245624423027, 0.75413745641708, 0.09082066267729, -0.41938391327858, 0.78370255231857, 0.07731545716524, -0.43448793888092, 0.81291836500168, 0.08098135888577
-0.16930101811886, 0.83147042989731, -0.02814531140029, 0.11209452152252, 0.03059745579958, -1.98014068603516, -0.61766642332077, 0.75446254014969, 0.19999773800373, -0.46439507603645, 1.48542356491089, 0.35510873794556, -1.01651704311371, 1.15264880657196, 0.20415270328522, 0, 0, 0, 0, 0, 0, -0.5393180847168, 0.86197125911713, 0.19282925128937, 0.63536763191223, 0.11253168433905, 2.33828616142273, 0.09689636528492, 0.05140437930822, -0.08581595867872, 0.18003033101559, 0.01057344861329, -0.01793964579701, 0.18986248970032, 0.00659136381, 0.00940074026585, 0.17568831145763, 0.01420776173472, 0.03847927600145, 0.14762869477272, 0.02119366824627, 0.05457248166203, -0.4302185177803, 0.78364431858063, 0.22967824339867, -0.41407066583633, 0.75295662879944, 0.12021077424288, -0.41326159238815, 0.76126217842102, 0.09209697693586, -0.4191902577877, 0.79098576307297, 0.07846474647522, -0.43333953619003, 0.82069319486618, 0.08198602497578
0.2521276473999, 2.47560000419617, 0.11252044886351, -0.59559202194214, -0.34273138642311, -4.78200340270996, -0.61858755350113, 0.76870930194855, 0.20080168545246, -0.4645371735096, 1.48547875881195, 0.35530424118042, -1.01607131958008, 1.15344178676605, 0.20339140295982, 0, 0, 0, 0, 0, 0, -0.53777229785919, 0.87009274959564, 0.19314253330231, 0.63534283638, 0.09927605837584, 2.31774473190308, 0.09689636528492, 0.05140437930822, -0.08581595867872, 0.18003033101559, 0.01057344861329, -0.01793964579701, 0.18986248970032, 0.00659136381, 0.00940074026585, 0.17568831145763, 0.01420776173472, 0.03847927600145, 0.14762869477272, 0.02119366824627, 0.05457248166203, -0.43001374602318, 0.79004895687103, 0.23024734854698, -0.41425755620003, 0.75890511274338, 0.12085163593292, -0.41328251361847, 0.76714617013931, 0.09272412955761, -0.41870748996735, 0.79693883657455, 0.07903310656548, -0.43237021565437, 0.82688105106354, 0.08248671889305
0.11041402071714, 1.87947022914886, 0.0591802559793, -0.45620435476303, -0.26749303936958, -3.92123627662659, -0.61857241392136, 0.77816063165665, 0.20119386911392, -0.46461567282677, 1.4855363368988, 0.35534393787384, -1.01562762260437, 1.15461885929108, 0.20247334241867, 0, 0, 0, 0, 0, 0, -0.53674614429474, 0.87626367807388, 0.19329118728638, 0.63529735803604, 0.09102641046047, 2.30491161346436, 0.09689636528492, 0.05140437930822, -0.08581595867872, 0.18003033101559, 0.01057344861329, -0.01793964579701, 0.18986248970032, 0.00659136381, 0.00940074026585, 0.17568831145763, 0.01420776173472, 0.03847927600145, 0.14762869477272, 0.02119366824627, 0.05457248166203, -0.42983931303024, 0.79515486955643, 0.23054674267769, -0.41433531045914, 0.76373809576035, 0.12119306623936, -0.41325795650482, 0.77193975448608, 0.09305776655674, -0.41836780309677, 0.80177247524261, 0.07933279871941, -0.4317242205143, 0.83185708522797, 0.08274704217911
0.11502026766539, 1.21693599224091, 0.02949535660446, -0.21276593208313, -0.1278317719698, -1.97320365905762, -0.61849194765091, 0.78517514467239, 0.20138493180275, -0.46466571092606, 1.48556184768677, 0.35539436340332, -1.01520335674286, 1.15555119514465, 0.20197866857052, 0, 0, 0, 0, 0, 0, -0.5365332365036, 0.88204550743103, 0.19335794448853, 0.63510769605637, 0.07504516839981, 2.27996349334717, 0.09689636528492, 0.05140437930822, -0.08581595867872, 0.18003033101559, 0.01057344861329, -0.01793964579701, 0.18986248970032, 0.00659136381, 0.00940074026585, 0.17568831145763, 0.01420776173472, 0.03847927600145, 0.14762869477272, 0.02119366824627, 0.05457248166203, -0.43131297826767, 0.79888504743576, 0.23089078068733, -0.41631349921227, 0.76696056127548, 0.12161380052567, -0.41503971815109, 0.77508646249771, 0.09346474707127, -0.41953611373901, 0.80498975515366, 0.07967872172594, -0.43229222297668, 0.83534169197083, 0.08302155137062
0.08109568804502, 0.89261049032211, 0.01265466120094, -0.12328410893679, -0.07613259553909, -1.23449695110321, -0.62009346485138, 0.79262495040894, 0.20152170956135, -0.46474775671959, 1.48557412624359, 0.35539925098419, -1.01484036445618, 1.15669178962708, 0.20073920488358, 0, 0, 0, 0, 0, 0, -0.53695070743561, 0.88797980546951, 0.19337558746338, 0.63439035415649, 0.05034368857741, 2.24126148223877, 0.09689636528492, 0.05140437930822, -0.08581595867872, 0.18003033101559, 0.01057344861329, -0.01793964579701, 0.18986248970032, 0.00659136381, 0.00940074026585, 0.17568831145763, 0.01420776173472, 0.03847927600145, 0.14762869477272, 0.02119366824627, 0.05457248166203, -0.43442794680595, 0.80169385671616, 0.23131631314754, -0.420240432024, 0.76902467012405, 0.12215106189251, -0.41866683959961, 0.7770311832428, 0.09398297220469, -0.42220887541771, 0.80702239274979, 0.08010999858379, -0.43402194976807, 0.83776468038559, 0.08334980905056
-0.05173444375396, 0.99095100164413, -0.00232458091341, -0.22219350934029, -0.14112962782383, -2.39579439163208, -0.6232613325119, 0.80121916532516, 0.20162576436996, -0.46479421854019, 1.48554921150208, 0.35542404651642, -1.01447927951813, 1.15815234184265, 0.19961449503899, 0, 0, 0, 0, 0, 0, -0.53698670864105, 0.89294338226318, 0.19336092472076, 0.63372451066971, 0.03569100424647, 2.21821355819702, 0.09689636528492, 0.05140437930822, -0.08581595867872, 0.18003033101559, 0.01057344861329, -0.01793964579701, 0.18986248970032, 0.00659136381, 0.00940074026585, 0.17568831145763, 0.01420776173472, 0.03847927600145, 0.14762869477272, 0.02119366824627, 0.05457248166203, -0.43611711263657, 0.80482947826385, 0.23153081536293, -0.42242965102196, 0.77174234390259, 0.12242759764194, -0.42068031430244, 0.77967685461044, 0.09424950927496, -0.42365258932114, 0.80970805883408, 0.08032935857773, -0.43489742279053, 0.84066861867905, 0.08351249247789
-0.15828607976437, 1.17643105983734, -0.01475393678993, -0.32045149803162, -0.21017044782639, -3.72947525978088, -0.62489759922028, 0.80780839920044, 0.20164996385574, -0.4648385643959, 1.4854770898819, 0.35555827617645, -1.01401102542877, 1.159512758255, 0.19854186475277, 0, 0, 0, 0, 0, 0, -0.53687238693237, 0.89672309160233, 0.1933388710022, 0.63328748941422, 0.02730698883533, 2.20497965812683, 0.09689636528492, 0.05140437930822, -0.08581595867872, 0.18003033101559, 0.01057344861329, -0.01793964579701, 0.18986248970032, 0.00659136381, 0.00940074026585, 0.17568831145763, 0.01420776173472, 0.03847927600145, 0.14762869477272, 0.02119366824627, 0.05457248166203, -0.43696746230125, 0.80756986141205, 0.23163241147995, -0.42357352375984, 0.77425426244736, 0.12256230413914, -0.4217244386673, 0.7821478843689, 0.09437908232212, -0.42436918616295, 0.8121982216835, 0.08043418079615, -0.43528550863266, 0.84327918291092, 0.08358725905418
-0.06195544824004, 0.87405675649643, -0.01220762636513, -0.17575991153717, -0.11986654996872, -2.22410726547241, -0.62568920850754, 0.81253528594971, 0.20164473354816, -0.46487346291542, 1.48537802696228, 0.35569190979004, -1.01403713226318, 1.16094660758972, 0.19768597185612, 0, 0, 0, 0, 0, 0, -0.5334883928299, 0.89951699972153, 0.19563519954681, 0.63112235069275, 0.01496297866106, 2.18800449371338, 0.09689636528492, 0.05140437930822, -0.08581595867872, 0.18003033101559, 0.01057344861329, -0.01793964579701, 0.18986248970032, 0.00659136381, 0.00940074026585, 0.17568831145763, 0.01420776173472, 0.03847927600145, 0.14762869477272, 0.02119366824627, 0.05457248166203, -0.43489772081375, 0.80910402536392, 0.23437863588333, -0.42170932888985, 0.77533954381943, 0.12542156875134, -0.4196879863739, 0.78313755989075, 0.09722357988358, -0.42189034819603, 0.81318664550781, 0.08319932222366, -0.43238866329193, 0.84442132711411, 0.08625116944313
-0.01706600189209, 0.61406129598618, -0.00870108604431, -0.09239215403795, -0.06573848426342, -1.27332317829132, -0.62346476316452, 0.8165694475174, 0.20393937826157, -0.46491214632988, 1.48524498939514, 0.35583603382111, -1.0141921043396, 1.16246116161346, 0.19623400270939, 0, 0, 0, 0, 0, 0, -0.53111398220062, 0.90275001525879, 0.19718718528748, 0.629035115242, 0.00352508830838, 2.17216849327087, 0.09689636528492, 0.05140437930822, -0.08581595867872, 0.18003033101559, 0.01057344861329, -0.01793964579701, 0.18986248970032, 0.00659136381, 0.00940074026585, 0.17568831145763, 0.01420776173472, 0.03847927600145, 0.14762869477272, 0.02119366824627, 0.05457248166203, -0.43376788496971, 0.81117135286331, 0.23633773624897, -0.42078399658203, 0.77699947357178, 0.12748315930367, -0.41860413551331, 0.78470849990845, 0.09927248954773, -0.42039301991463, 0.81475210189819, 0.08517776429653, -0.43049776554108, 0.84612500667572, 0.08813887089491
0.3692292869091, 0.54134845733643, 0.2472567409277, -0.2940491437912, -0.27708211541176, -1.63690423965454, -0.62216001749039, 0.82097709178925, 0.20548228919506, -0.46501243114471, 1.48531270027161, 0.35600101947784, -1.01466023921967, 1.16479539871216, 0.19427348673344, 0, 0, 0, 0, 0, 0, -0.52925860881805, 0.90612065792084, 0.19829714298248, 0.62744551897049, -0.00493158958852, 2.16038870811462, 0.09689636528492, 0.05140437930822, -0.08581595867872, 0.18003033101559, 0.01057344861329, -0.01793964579701, 0.18986248970032, 0.00659136381, 0.00940074026585, 0.17568831145763, 0.01420776173472, 0.03847927600145, 0.14762869477272, 0.02119366824627, 0.05457248166203, -0.43284979462624, 0.813680768013, 0.23774188756943, -0.42002615332603, 0.77921366691589, 0.12896141409874, -0.41772985458374, 0.7868567109108, 0.10074202716351, -0.41921076178551, 0.81689345836639, 0.08659724891186, -0.42902046442032, 0.84836596250534, 0.08949334174395
0.25302886962891, 0.5812811255455, 0.15986143052578, -0.26438137888908, -0.2525926232338, -1.5313720703125, -0.62109261751175, 0.82523250579834, 0.20658077299595, -0.46504312753677, 1.48514747619629, 0.35611653327942, -1.01483547687531, 1.16627073287964, 0.19294568896294, 0, 0, 0, 0, 0, 0, -0.52786493301392, 0.90982550382614, 0.19911229610443, 0.62545454502106, -0.01521608699113, 2.14598321914673, 0.09689636528492, 0.05140437930822, -0.08581595867872, 0.18003033101559, 0.01057344861329, -0.01793964579701, 0.18986248970032, 0.00659136381, 0.00940074026585, 0.17568831145763, 0.01420776173472, 0.03847927600145, 0.14762869477272, 0.02119366824627, 0.05457248166203, -0.43261563777924, 0.81633961200714, 0.23890739679337, -0.41999703645706, 0.78152012825012, 0.13021521270275, -0.41755998134613, 0.78908258676529, 0.1019859239459, -0.4186637699604, 0.81910794973373, 0.08778250962496, -0.42811015248299, 0.8506982922554, 0.09060183167458
0.20048616826534, 0.5489444732666, 0.11363445967436, -0.19106566905975, -0.1850677728653, -1.15027391910553, -0.62065327167511, 0.83003187179565, 0.2073766887188, -0.464949041605, 1.48458075523376, 0.35612738132477, -1.01503872871399, 1.16826009750366, 0.19126155972481, 0, 0, 0, 0, 0, 0, -0.52706462144852, 0.91435652971268, 0.19969654083252, 0.62127476930618, -0.03539606928825, 2.11753797531128, 0.09689636528492, 0.05140437930822, -0.08581595867872, 0.18003033101559, 0.01057344861329, -0.01793964579701, 0.18986248970032, 0.00659136381, 0.00940074026585, 0.17568831145763, 0.01420776173472, 0.03847927600145, 0.14762869477272, 0.02119366824627, 0.05457248166203, -0.43415078520775, 0.81883269548416, 0.24016749858856, -0.42195951938629, 0.78333520889282, 0.13164600729942, -0.41924801468849, 0.79073643684387, 0.10339903086424, -0.41960480809212, 0.82072752714157, 0.08908516168594, -0.42832571268082, 0.85253840684891, 0.09175808727741
0.14199256896973, 0.62197917699814, 0.07396101206541, -0.22401966154575, -0.21990713477135, -1.3980473279953, -0.62170761823654, 0.83676624298096, 0.20790883898735, -0.46497496962547, 1.48434889316559, 0.35617852210999, -1.01540815830231, 1.17034697532654, 0.18954516947269, 0, 0, 0, 0, 0, 0, -0.52649629116058, 0.9192208647728, 0.20014047622681, 0.61601287126541, -0.05834498256445, 2.08494257926941, 0.09689636528492, 0.05140437930822, -0.08581595867872, 0.18003033101559, 0.01057344861329, -0.01793964579701, 0.18986248970032, 0.00659136381, 0.00940074026585, 0.17568831145763, 0.01420776173472, 0.03847927600145, 0.14762869477272, 0.02119366824627, 0.05457248166203, -0.4363357424736, 0.82141017913818, 0.2413694858551, -0.42466640472412, 0.78515827655792, 0.13304015994072, -0.42164498567581, 0.79236942529678, 0.1047754585743, -0.42114150524139, 0.82230085134506, 0.09034169465303, -0.42901811003685, 0.85434436798096, 0.09285297989845
0.05218505486846, 0.89642995595932, 0.02256095223129, -0.43181568384171, -0.42938107252121, -2.78676676750183, -0.62321496009827, 0.84422498941422, 0.20827183127403, -0.46500745415688, 1.4840761423111, 0.35621023178101, -1.0153477191925, 1.17224502563477, 0.18808069825172, 0, 0, 0, 0, 0, 0, -0.52223885059357, 0.92279982566833, 0.20259582996368, 0.61087304353714, -0.07324244827032, 2.06339120864868, 0.09689636528492, 0.05140437930822, -0.08581595867872, 0.18003033101559, 0.01057344861329, -0.01793964579701, 0.18986248970032, 0.00659136381, 0.00940074026585, 0.17568831145763, 0.01420776173472, 0.03847927600145, 0.14762869477272, 0.02119366824627, 0.05457248166203, -0.43394756317139, 0.82355493307114, 0.24443818628788, -0.42266410589218, 0.78666758537292, 0.13628262281418, -0.41944456100464, 0.79371058940887, 0.10799740254879, -0.4183691740036, 0.82357037067413, 0.0934469178319, -0.42567625641823, 0.8557596206665, 0.09581179916859
0.0279593449086, 0.99178069829941, -0.00234782672487, -0.4815239906311, -0.48548129200935, -3.21351218223572, -0.62030601501465, 0.84958183765411, 0.21077886223793, -0.46503248810768, 1.4837908744812, 0.35625159740448, -1.01557290554047, 1.17378807067871, 0.18658591806889, 0, 0, 0, 0, 0, 0, -0.51884996891022, 0.92655420303345, 0.20448422431946, 0.60642021894455, -0.08555364608765, 2.04546856880188, 0.09689636528492, 0.05140437930822, -0.08581595867872, 0.18003033101559, 0.01057344861329, -0.01793964579701, 0.18986248970032, 0.00659136381, 0.00940074026585, 0.17568831145763, 0.01420776173472, 0.03847927600145, 0.14762869477272, 0.02119366824627, 0.05457248166203, -0.43214416503906, 0.82613360881805, 0.24683383107185, -0.42119526863098, 0.78872573375702, 0.13882277905941, -0.41781267523766, 0.79562658071518, 0.11052156984806, -0.41625946760178, 0.82541882991791, 0.09587618708611, -0.42308723926544, 0.85772168636322, 0.09812095761299
0.49012896418571, 0.70273154973984, 0.26127576828003, -0.47591060400009, -0.29847186803818, -2.14814400672913, -0.61802178621292, 0.85484343767166, 0.21270087361336, -0.46500110626221, 1.48347926139832, 0.35628032684326, -1.01587688922882, 1.17520070075989, 0.18533936142921, 0, 0, 0, 0, 0, 0, -0.51834464073181, 0.92160433530807, 0.20625495910645, 0.60014414787292, -0.09564423561096, 2.02884411811829, 0.09689636528492, 0.05140437930822, -0.08581595867872, 0.18003033101559, 0.01057344861329, -0.01793964579701, 0.18986248970032, 0.00659136381, 0.00940074026585, 0.17568831145763, 0.01420776173472, 0.03847927600145, 0.14762869477272, 0.02119366824627, 0.05457248166203, -0.43310019373894, 0.82017642259598, 0.24916699528694, -0.42261642217636, 0.78207552433014, 0.14135220646858, -0.41911852359772, 0.78878557682037, 0.11301915347576, -0.41713321208954, 0.81847894191742, 0.09822587668896, -0.42350292205811, 0.85088634490967, 0.10030414164066
0.39311167597771, 0.67956441640854, 0.19807575643063, -0.39271140098572, -0.24764877557755, -1.80142784118652, -0.61853003501892, 0.85135108232498, 0.21476168930531, -0.4648728966713, 1.48314559459686, 0.3563107252121, -1.01645636558533, 1.17611873149872, 0.18465130031109, 0, 0, 0, 0, 0, 0, -0.51785790920258, 0.91902309656143, 0.20764899253845, 0.59329587221146, -0.10628454387188, 2.01111197471619, 0.09689636528492, 0.05140437930822, -0.08581595867872, 0.18003033101559, 0.01057344861329, -0.01793964579701, 0.18986248970032, 0.00659136381, 0.00940074026585, 0.17568831145763, 0.01420776173472, 0.03847927600145, 0.14762869477272, 0.02119366824627, 0.05457248166203, -0.43420097231865, 0.81653499603271, 0.25116202235222, -0.42423230409622, 0.777703166008, 0.14355936646461, -0.42061427235603, 0.7842076420784, 0.11519347131252, -0.41816598176956, 0.81378775835037, 0.10024358332157, -0.42404091358185, 0.84629940986633, 0.10214455425739
0.05060433968902, -0.37776944041252, 0.20600078999996, -0.60214817523956, -0.0792933255434, -1.70684921741486, -0.61911076307297, 0.85035538673401, 0.21645823121071, -0.46461206674576, 1.48277068138123, 0.35636854171753, -1.0173511505127, 1.17690801620483, 0.1839037835598, 0, 0, 0, 0, 0, 0, -0.51726830005646, 0.91757810115814, 0.20890974998474, 0.58651679754257, -0.11645379662514, 1.99396324157715, 0.09689636528492, 0.05140437930822, -0.08581595867872, 0.18003033101559, 0.01057344861329, -0.01793964579701, 0.18986248970032, 0.00659136381, 0.00940074026585, 0.17568831145763, 0.01420776173472, 0.03847927600145, 0.14762869477272, 0.02119366824627, 0.05457248166203, -0.43517518043518, 0.81407958269119, 0.25300568342209, -0.42572325468063, 0.77454894781113, 0.14561106264591, -0.42199185490608, 0.78085231781006, 0.11721447110176, -0.41909372806549, 0.81031519174576, 0.1021141409874, -0.42448419332504, 0.84292018413544, 0.10384377837181
0.0510334931314, -0.07694720476866, 0.1595645993948, -0.63871830701828, -0.08089279383421, -1.82984352111816, -0.61953938007355, 0.85047441720963, 0.21800476312637, -0.46432986855507, 1.48237335681915, 0.35643792152405, -1.01893436908722, 1.17676389217377, 0.18389458954334, 0, 0, 0, 0, 0, 0, -0.51653015613556, 0.91681832075119, 0.21008718013763, 0.5805703997612, -0.12509378790855, 1.97922933101654, 0.09689636528492, 0.05140437930822, -0.08581595867872, 0.18003033101559, 0.01057344861329, -0.01793964579701, 0.18986248970032, 0.00659136381, 0.00940074026585, 0.17568831145763, 0.01420776173472, 0.03847927600145, 0.14762869477272, 0.02119366824627, 0.05457248166203, -0.43580317497253, 0.81246387958527, 0.2546851336956, -0.42680996656418, 0.77233958244324, 0.14747139811516, -0.42298340797424, 0.77846848964691, 0.1190493106842, -0.41969731450081, 0.80782437324524, 0.10382054746151, -0.42466682195663, 0.84050357341766, 0.10540314763784
0.06698369979858, 0.05385875329375, 0.14300285279751, -0.61832934617996, -0.07554058730602, -1.78971767425537, -0.61966437101364, 0.85108256340027, 0.21942229568958, -0.4640074968338, 1.4819952249527, 0.3564749956131, -1.02051591873169, 1.17725110054016, 0.18342396616936, 0, 0, 0, 0, 0, 0, -0.52103763818741, 0.90171927213669, 0.20918083190918, 0.57357478141785, -0.12328922003508, 1.98274278640747, 0.09689636528492, 0.05140437930822, -0.08581595867872, 0.18003033101559, 0.01057344861329, -0.01793964579701, 0.18986248970032, 0.00659136381, 0.00940074026585, 0.17568831145763, 0.01420776173472, 0.03847927600145, 0.14762869477272, 0.02119366824627, 0.05457248166203, -0.44010174274445, 0.79785960912704, 0.25454851984978, -0.43101325631142, 0.75697165727615, 0.14763177931309, -0.4271959066391, 0.76290059089661, 0.11916606128216, -0.42396831512451, 0.79215109348297, 0.1037235558033, -0.42900514602661, 0.82483071088791, 0.10506683588028
0.08804797381163, 0.10571479052305, 0.1335221529007, -0.53143090009689, -0.06271085888147, -1.55311167240143, -0.6240376830101, 0.83584159612656, 0.21898519992828, -0.46360564231873, 1.48159170150757, 0.35652768611908, -1.02263247966766, 1.17638981342316, 0.18454073369503, 0, 0, 0, 0, 0, 0, -0.52486723661423, 0.88787120580673, 0.20864772796631, 0.56295746564865, -0.12038005888462, 1.98834335803986, 0.09689636528492, 0.05140437930822, -0.08581595867872, 0.18003033101559, 0.01057344861329, -0.01793964579701, 0.18986248970032, 0.00659136381, 0.00940074026585, 0.17568831145763, 0.01420776173472, 0.03847927600145, 0.14762869477272, 0.02119366824627, 0.05457248166203, -0.44358488917351, 0.7847974896431, 0.2551736831665, -0.4343444108963, 0.7427551150322, 0.14871867001057, -0.43054366111755, 0.74838030338287, 0.12018914520741, -0.42741352319717, 0.77746814489365, 0.1044228374958, -0.43256139755249, 0.81014347076416, 0.10540245473385
-0.54091215133667, -1.84588181972504, -0.11068402975798, -0.87025487422943, -0.01338982861489, 0.24410034716129, -0.62764430046082, 0.82175719738007, 0.21917466819286, -0.46323174238205, 1.48125147819519, 0.35655808448792, -1.02484524250031, 1.17618143558502, 0.18493373692036, 0, 0, 0, 0, 0, 0, -0.52737367153168, 0.87754368782043, 0.20861124992371, 0.54894292354584, -0.1163597330451, 1.99605321884155, 0.09689636528492, 0.05140437930822, -0.08581595867872, 0.18003033101559, 0.01057344861329, -0.01793964579701, 0.18986248970032, 0.00659136381, 0.00940074026585, 0.17568831145763, 0.01420776173472, 0.03847927600145, 0.14762869477272, 0.02119366824627, 0.05457248166203, -0.445596575737, 0.77555978298187, 0.25664734840393, -0.43614342808723, 0.73200350999832, 0.15082150697708, -0.43236762285233, 0.73722743988037, 0.12221247702837, -0.42937713861465, 0.76609539985657, 0.10602063685656, -0.43468344211578, 0.79875612258911, 0.10652010142803
-0.45945879817009, -1.71762216091156, -0.06538689136505, -1.34019386768341, -0.0126989223063, 0.40929448604584, -0.62982994318008, 0.81109392642975, 0.22010686993599, -0.46287247538567, 1.48092794418335, 0.35662257671356, -1.02720415592194, 1.17534291744232, 0.18577365577221, 0, 0, 0, 0, 0, 0, -0.52892279624939, 0.87051373720169, 0.20867800712585, 0.54155969619751, -0.11412972956896, 2.00030255317688, 0.09689636528492, 0.05140437930822, -0.08581595867872, 0.18003033101559, 0.01057344861329, -0.01793964579701, 0.18986248970032, 0.00659136381, 0.00940074026585, 0.17568831145763, 0.01420776173472, 0.03847927600145, 0.14762869477272, 0.02119366824627, 0.05457248166203, -0.44686377048492, 0.7691313624382, 0.2575002014637, -0.4372920691967, 0.72478228807449, 0.15201485157013, -0.43353110551834, 0.72979468107224, 0.12336605787277, -0.43062058091164, 0.7585443854332, 0.10695080459118, -0.43601700663567, 0.79119330644608, 0.10719726979733
-0.30035015940666, -1.31867396831512, -0.00387489772402, -1.75955891609192, -0.00583187164739, 0.58069276809692, -0.63119506835938, 0.80387258529663, 0.22069217264652, -0.46253883838654, 1.48061764240265, 0.35669660568237, -1.02930915355682, 1.17480635643005, 0.18642383813858, 0, 0, 0, 0, 0, 0, -0.5298764705658, 0.86559009552002, 0.20880174636841, 0.53804934024811, -0.11300429701805, 2.0024209022522, 0.09689636528492, 0.05140437930822, -0.08581595867872, 0.18003033101559, 0.01057344861329, -0.01793964579701, 0.18986248970032, 0.00659136381, 0.00940074026585, 0.17568831145763, 0.01420776173472, 0.03847927600145, 0.14762869477272, 0.02119366824627, 0.05457248166203, -0.44767314195633, 0.76450437307358, 0.25799486041069, -0.43804264068604, 0.71977949142456, 0.15267366170883, -0.4342896938324, 0.72469127178192, 0.12400639802217, -0.43142020702362, 0.75338423252106, 0.10748495161533, -0.43686258792877, 0.78602623939514, 0.10761103034019
-0.18549440801144, -0.88856214284897, 0.00955581571907, -0.9269779920578, 0.00309928995557, 0.32997769117355, -0.6320543885231, 0.79884988069534, 0.22106599807739, -0.46217128634453, 1.48030865192413, 0.3566986322403, -1.03086578845978, 1.17475950717926, 0.18665663897991, 0, 0, 0, 0, 0, 0, -0.53043055534363, 0.86167788505554, 0.20911014080048, 0.53163003921509, -0.11084063351154, 2.0064549446106, 0.09689636528492, 0.05140437930822, -0.08581595867872, 0.18003033101559, 0.01057344861329, -0.01793964579701, 0.18986248970032, 0.00659136381, 0.00940074026585, 0.17568831145763, 0.01420776173472, 0.03847927600145, 0.14762869477272, 0.02119366824627, 0.05457248166203, -0.44794648885727, 0.76115220785141, 0.25897651910782, -0.43820416927338, 0.7157421708107, 0.15395924448967, -0.43446749448776, 0.72047007083893, 0.12525896728039, -0.4316780269146, 0.74905836582184, 0.10854341089725, -0.43720954656601, 0.78168541193008, 0.10844925045967
-0.11419057101011, -0.6136822104454, 0.01608073711395, -0.44484743475914, 0.00437684543431, 0.16936272382736, -0.6324245929718, 0.79474329948425, 0.22183763980865, -0.46183949708939, 1.47999155521393, 0.35662400722504, -1.03220975399017, 1.1746826171875, 0.18679986894131, 0, 0, 0, 0, 0, 0, -0.5385764837265, 0.8392373919487, 0.20575892925262, 0.52946782112122, -0.077651232481, 2.0641496181488, 0.09689636528492, 0.05140437930822, -0.08581595867872, 0.18003033101559, 0.01057344861329, -0.01793964579701, 0.18986248970032, 0.00659136381, 0.00940074026585, 0.17568831145763, 0.01420776173472, 0.03847927600145, 0.14762869477272, 0.02119366824627, 0.05457248166203, -0.45104405283928, 0.74324876070023, 0.25595790147781, -0.43947458267212, 0.69764757156372, 0.1512091755867, -0.43608531355858, 0.7023549079895, 0.12246242910624, -0.43477335572243, 0.73092937469482, 0.10554331541061, -0.4419079720974, 0.76324266195297, 0.10525244474411
-0.06594657897949, -0.51365375518799, 0.04011153802276, -0.81314116716385, 0.01289337780327, 0.32816952466965, -0.63709503412247, 0.76744544506073, 0.21936058998108, -0.4615438580513, 1.47978866100311, 0.35650992393494, -1.0334255695343, 1.17504048347473, 0.18623492121696, 0, 0, 0, 0, 0, 0, -0.54352688789368, 0.82396638393402, 0.20381367206573, 0.52679109573364, -0.05367760360241, 2.1059091091156, 0.09689636528492, 0.05140437930822, -0.08581595867872, 0.18003033101559, 0.01057344861329, -0.01793964579701, 0.18986248970032, 0.00659136381, 0.00940074026585, 0.17568831145763, 0.01420776173472, 0.03847927600145, 0.14762869477272, 0.02119366824627, 0.05457248166203, -0.45247069001198, 0.73142969608307, 0.25422608852386, -0.43957257270813, 0.68573945760727, 0.14967150986195, -0.43643563985825, 0.69041883945465, 0.12089155614376, -0.43619593977928, 0.71893548965454, 0.10382635891438, -0.44448408484459, 0.75097072124481, 0.10339596867561
-0.94828599691391, -3.45155215263367, -0.33676025271416, -0.82366150617599, 0.47845065593719, 5.92007493972778, -0.63937199115753, 0.74876356124878, 0.21807011961937, -0.46124535799026, 1.47957921028137, 0.35641539096832, -1.03436505794525, 1.17545855045319, 0.18616555631161, 0, 0, 0, 0, 0, 0, -0.54686331748962, 0.81010776758194, 0.20276880264282, 0.5320075750351, -0.01510156039149, 2.16812467575073, 0.09689636528492, 0.05140437930822, -0.08581595867872, 0.18003033101559, 0.01057344861329, -0.01793964579701, 0.18986248970032, 0.00659136381, 0.00940074026585, 0.17568831145763, 0.01420776173472, 0.03847927600145, 0.14762869477272, 0.02119366824627, 0.05457248166203, -0.4505977332592, 0.72244739532471, 0.25220838189125, -0.43601658940315, 0.67784947156906, 0.14740362763405, -0.43334424495697, 0.68278217315674, 0.11861909925938, -0.43476271629333, 0.71132433414459, 0.10165414214134, -0.44476544857025, 0.74286818504333, 0.10139614343643
-0.54925203323364, -2.3816511631012, -0.18224893510342, -0.60486817359924, 0.35153394937515, 4.30077981948853, -0.63841760158539, 0.72980982065201, 0.21743339300156, -0.4609691798687, 1.4794248342514, 0.35634315013885, -1.03507447242737, 1.17608737945557, 0.18600276112556, 0, 0, 0, 0, 0, 0, -0.54900085926056, 0.80049228668213, 0.20212805271149, 0.53415429592133, 0.0096403574571, 2.20783400535584, 0.09689636528492, 0.05140437930822, -0.08581595867872, 0.18003033101559, 0.01057344861329, -0.01793964579701, 0.18986248970032, 0.00659136381, 0.00940074026585, 0.17568831145763, 0.01420776173472, 0.03847927600145, 0.14762869477272, 0.02119366824627, 0.05457248166203, -0.44956806302071, 0.71607822179794, 0.25094476342201, -0.43395212292671, 0.67221218347549, 0.14598034322262, -0.43158227205276, 0.67729026079178, 0.11719459295273, -0.43405377864838, 0.70580065250397, 0.10029709339142, -0.44513031840324, 0.73698431253433, 0.10015153884888
-0.29628750681877, -2.48229479789734, -0.02314209751785, 0.40391832590103, 0.85751086473465, 6.45996856689453, -0.63768762350082, 0.71708112955093, 0.21703551709652, -0.46074286103249, 1.47933840751648, 0.35645186901093, -1.0352486371994, 1.17671346664429, 0.18564677238464, 0, 0, 0, 0, 0, 0, -0.55047392845154, 0.7929356098175, 0.20170629024506, 0.53516656160355, 0.02873855270445, 2.23841023445129, 0.09689636528492, 0.05140437930822, -0.08581595867872, 0.18003033101559, 0.01057344861329, -0.01793964579701, 0.18986248970032, 0.00659136381, 0.00940074026585, 0.17568831145763, 0.01420776173472, 0.03847927600145, 0.14762869477272, 0.02119366824627, 0.05457248166203, -0.44868513941765, 0.71109259128571, 0.25004303455353, -0.43229314684868, 0.66780650615692, 0.14495623111725, -0.43015938997269, 0.67298740148544, 0.11617033183575, -0.43343898653984, 0.70144784450531, 0.09932614862919, -0.44533160328865, 0.73232978582382, 0.09926807880402
-0.16715525090694, -1.67109477519989, -0.01330554392189, 0.24627605080605, 0.54694241285324, 4.102952003479, -0.63688486814499, 0.70720034837723, 0.21679338812828, -0.46051701903343, 1.47929716110229, 0.35656416416168, -1.03596711158752, 1.17702281475067, 0.18562591075897, 0, 0, 0, 0, 0, 0, -0.55096727609634, 0.78554064035416, 0.20147728919983, 0.53565913438797, 0.05660738050938, 2.28296184539795, 0.09689636528492, 0.05140437930822, -0.08581595867872, 0.18003033101559, 0.01057344861329, -0.01793964579701, 0.18986248970032, 0.00659136381, 0.00940074026585, 0.17568831145763, 0.01420776173472, 0.03847927600145, 0.14762869477272, 0.02119366824627, 0.05457248166203, -0.44587409496307, 0.70755368471146, 0.24911278486252, -0.42838260531425, 0.66513961553574, 0.14384782314301, -0.4265975356102, 0.67045670747757, 0.11506302654743, -0.43105036020279, 0.69880491495132, 0.09829912334681, -0.4441154897213, 0.72920936346054, 0.09837031364441
-0.09593009203672, -1.30211579799652, -0.00238358951174, 0.18197831511497, 0.42194131016731, 3.153475522995, -0.6339567899704, 0.69653195142746, 0.21681356430054, -0.46037548780441, 1.47933316230774, 0.35670411586761, -1.03648126125336, 1.17700493335724, 0.18509355187416, 0, 0, 0, 0, 0, 0, -0.55202734470367, 0.78006583452225, 0.20025718212128, 0.53806030750275, 0.07135120779276, 2.30881071090698, 0.09689636528492, 0.05140437930822, -0.08581595867872, 0.18003033101559, 0.01057344861329, -0.01793964579701, 0.18986248970032, 0.00659136381, 0.00940074026585, 0.17568831145763, 0.01420776173472, 0.03847927600145, 0.14762869477272, 0.02119366824627, 0.05457248166203, -0.44516882300377, 0.70423096418381, 0.24743776023388, -0.42691284418106, 0.6626124382019, 0.14198523759842, -0.42529028654099, 0.66807687282562, 0.11321841925383, -0.43039214611053, 0.69638365507126, 0.09656988084316, -0.44412317872047, 0.72649264335632, 0.09677694737911
0.07728337496519, -1.45882117748261, 0.04163145646453, 0.25532221794128, 0.61647403240204, 4.59299278259277, -0.63301366567612, 0.68919414281845, 0.21537509560585, -0.46020486950874, 1.47937321662903, 0.35684549808502, -1.03705644607544, 1.17721712589264, 0.18446314334869, 0, 0, 0, 0, 0, 0, -0.55269908905029, 0.77442276477814, 0.19934856891632, 0.5403687953949, 0.0887615531683, 2.33917784690857, 0.09689636528492, 0.05140437930822, -0.08581595867872, 0.18003033101559, 0.01057344861329, -0.01793964579701, 0.18986248970032, 0.00659136381, 0.00940074026585, 0.17568831145763, 0.01420776173472, 0.03847927600145, 0.14762869477272, 0.02119366824627, 0.05457248166203, -0.44383263587952, 0.70116406679153, 0.24600625038147, -0.42470726370811, 0.6604905128479, 0.14033934473991, -0.42328000068665, 0.66612035036087, 0.11159408092499, -0.42914119362831, 0.69435846805573, 0.09507948160172, -0.44364356994629, 0.72410213947296, 0.09544342756271
-0.03878831490874, -0.98348373174667, -0.13915121555328, 0.458112180233, 0.18293863534927, 2.64332699775696, -0.63128709793091, 0.68142753839493, 0.21420833468437, -0.46009981632233, 1.47948837280273, 0.35698425769806, -1.0374413728714, 1.17739069461823, 0.18402667343616, 0, 0, 0, 0, 0, 0, -0.55235481262207, 0.76783412694931, 0.19852840900421, 0.54316860437393, 0.11940909177065, 2.39235353469849, 0.09689636528492, 0.05140437930822, -0.08581595867872, 0.18003033101559, 0.01057344861329, -0.01793964579701, 0.18986248970032, 0.00659136381, 0.00940074026585, 0.17568831145763, 0.01420776173472, 0.03847927600145, 0.14762869477272, 0.02119366824627, 0.05457248166203, -0.44014483690262, 0.69920551776886, 0.24429646134377, -0.4195671081543, 0.66022169589996, 0.13826610147953, -0.41849207878113, 0.66612386703491, 0.10956017673016, -0.42567381262779, 0.694191634655, 0.09327826648951, -0.44149845838547, 0.72324866056442, 0.09391212463379
0.03210067749023, -1.05711936950684, -0.10142683237791, 0.52596509456635, 0.21796557307243, 3.0936267375946, -0.62662816047668, 0.67128723859787, 0.21292191743851, -0.46002507209778, 1.47958648204803, 0.35717880725861, -1.03766858577728, 1.17717278003693, 0.18402470648289, 0, 0, 0, 0, 0, 0, -0.5520247220993, 0.76145595312119, 0.19779849052429, 0.54438984394073, 0.14805893599987, 2.44185447692871, 0.09689636528492, 0.05140437930822, -0.08581595867872, 0.18003033101559, 0.01057344861329, -0.01793964579701, 0.18986248970032, 0.00659136381, 0.00940074026585, 0.17568831145763, 0.01420776173472, 0.03847927600145, 0.14762869477272, 0.02119366824627, 0.05457248166203, -0.43689954280853, 0.69727027416229, 0.24276600778103, -0.41504743695259, 0.65990221500397, 0.13640940189362, -0.41431123018265, 0.66603899002075, 0.10774199664593, -0.42271155118942, 0.69389188289642, 0.0916755348444, -0.43973472714424, 0.72225677967072, 0.09255617856979
0.26144742965698, -1.44658315181732, -0.08823215216398, 0.90210843086243, 0.38665163516998, 5.40264844894409, -0.62215179204941, 0.66179209947586, 0.21173824369907, -0.45998460054398, 1.4797431230545, 0.35734164714813, -1.0376261472702, 1.17751133441925, 0.18346592783928, 0, 0, 0, 0, 0, 0, -0.550796687603, 0.76605772972107, 0.19744789600372, 0.55850064754486, 0.16483616828918, 2.4754946231842, 0.09689636528492, 0.05140437930822, -0.08581595867872, 0.18003033101559, 0.01057344861329, -0.01793964579701, 0.18986248970032, 0.00659136381, 0.00940074026585, 0.17568831145763, 0.01420776173472, 0.03847927600145, 0.14762869477272, 0.02119366824627, 0.05457248166203, -0.43406236171722, 0.70408093929291, 0.24135296046734, -0.41117733716965, 0.66926002502441, 0.13435110449791, -0.41058418154716, 0.67594069242477, 0.1058022081852, -0.41969904303551, 0.70385593175888, 0.0902414470911, -0.43745750188828, 0.73174595832825, 0.09162496775389
0.27037382125854, -1.36525142192841, -0.08189856261015, 0.82294660806656, 0.36418461799622, 5.01802730560303, -0.61830627918243, 0.66435831785202, 0.2094763815403, -0.45998215675354, 1.47985529899597, 0.35750794410706, -1.0367830991745, 1.1778758764267, 0.18332698941231, 0, 0, 0, 0, 0, 0, -0.54984676837921, 0.76757550239563, 0.19683063030243, 0.57089567184448, 0.1817163079977, 2.50825166702271, 0.09689636528492, 0.05140437930822, -0.08581595867872, 0.18003033101559, 0.01057344861329, -0.01793964579701, 0.18986248970032, 0.00659136381, 0.00940074026585, 0.17568831145763, 0.01420776173472, 0.03847927600145, 0.14762869477272, 0.02119366824627, 0.05457248166203, -0.43161156773567, 0.70781272649765, 0.23977866768837, -0.4078121483326, 0.67539989948273, 0.13222117722034, -0.40737450122833, 0.682577252388, 0.10379028320313, -0.41718089580536, 0.71051508188248, 0.08869755268097, -0.43563503026962, 0.73792290687561, 0.0905387699604
0.30384775996208, 0.18254755437374, -0.16439615190029, 2.20807385444641, -0.10182740539312, 3.13294506072998, -0.61478543281555, 0.66402328014374, 0.20707336068153, -0.46005746722221, 1.4800271987915, 0.35769009590149, -1.03590333461761, 1.17823767662048, 0.18248285353184, 0, 0, 0, 0, 0, 0, -0.54925537109375, 0.76801002025604, 0.19628632068634, 0.57985436916351, 0.19558358192444, 2.53446960449219, 0.09689636528492, 0.05140437930822, -0.08581595867872, 0.18003033101559, 0.01057344861329, -0.01793964579701, 0.18986248970032, 0.00659136381, 0.00940074026585, 0.17568831145763, 0.01420776173472, 0.03847927600145, 0.14762869477272, 0.02119366824627, 0.05457248166203, -0.42986440658569, 0.71006441116333, 0.2385212033987, -0.40539461374283, 0.67952525615692, 0.13056655228138, -0.40509235858917, 0.68707680702209, 0.10223098099232, -0.4154494702816, 0.71500647068024, 0.08749525994062, -0.43444657325745, 0.74201512336731, 0.08968064188957
0.27368545532227, -0.16756294667721, -0.19108234345913, 2.03706002235413, -0.0781672000885, 3.01380157470703, -0.61212038993835, 0.66306090354919, 0.20515605807304, -0.46012941002846, 1.48017692565918, 0.35785925388336, -1.03464937210083, 1.17861640453339, 0.18228992819786, 0, 0, 0, 0, 0, 0, -0.54906404018402, 0.76803433895111, 0.19589865207672, 0.58563184738159, 0.20556987822056, 2.55300045013428, 0.09689636528492, 0.05140437930822, -0.08581595867872, 0.18003033101559, 0.01057344861329, -0.01793964579701, 0.18986248970032, 0.00659136381, 0.00940074026585, 0.17568831145763, 0.01420776173472, 0.03847927600145, 0.14762869477272, 0.02119366824627, 0.05457248166203, -0.42887923121452, 0.71139985322952, 0.2376579195261, -0.40396773815155, 0.68215173482895, 0.12944710254669, -0.40376704931259, 0.68995434045792, 0.10117870569229, -0.41451224684715, 0.71786397695541, 0.08668490499258, -0.43388622999191, 0.74458366632462, 0.08910113573074
0.20388363301754, -0.22102116048336, -0.15700934827328, 1.55070054531097, -0.04799797385931, 2.39082765579224, -0.61045378446579, 0.66214126348495, 0.20383340120316, -0.46018385887146, 1.48032605648041, 0.35803163051605, -1.03351223468781, 1.17856228351593, 0.18268068134785, 0, 0, 0, 0, 0, 0, -0.54952383041382, 0.77577406167984, 0.19711089134216, 0.58901989459991, 0.20217435061932, 2.54860305786133, 0.09689636528492, 0.05140437930822, -0.08581595867872, 0.18003033101559, 0.01057344861329, -0.01793964579701, 0.18986248970032, 0.00659136381, 0.00940074026585, 0.17568831145763, 0.01420776173472, 0.03847927600145, 0.14762869477272, 0.02119366824627, 0.05457248166203, -0.42962226271629, 0.71851938962936, 0.23883852362633, -0.4047315120697, 0.68944382667542, 0.13057643175125, -0.40447026491165, 0.69731825590134, 0.10232846438885, -0.41508224606514, 0.72531074285507, 0.08789643645287, -0.43434429168701, 0.75210666656494, 0.09036310017109
0.11966227740049, -0.18692491948605, -0.10973810404539, 1.05011606216431, -0.02542223595083, 1.68257808685303, -0.61137270927429, 0.67012417316437, 0.20471401512623, -0.46018126606941, 1.48046624660492, 0.3581610918045, -1.03222215175629, 1.17841696739197, 0.18326283991337, 0, 0, 0, 0, 0, 0, -0.55033755302429, 0.78468918800354, 0.19859886169434, 0.59255576133728, 0.1990664601326, 2.54474759101868, 0.09689636528492, 0.05140437930822, -0.08581595867872, 0.18003033101559, 0.01057344861329, -0.01793964579701, 0.18986248970032, 0.00659136381, 0.00940074026585, 0.17568831145763, 0.01420776173472, 0.03847927600145, 0.14762869477272, 0.02119366824627, 0.05457248166203, -0.43069714307785, 0.72685641050339, 0.24027885496616, -0.40581372380257, 0.69799137115479, 0.13195876777172, -0.40549495816231, 0.70594447851181, 0.10373345017433, -0.41598537564278, 0.73401820659637, 0.08937053382397, -0.43514674901962, 0.76088088750839, 0.09189458191395
-0.08461474627256, 0.98798984289169, 0.11441051214933, 0.30602538585663, -0.11387638002634, -0.50723481178284, -0.61259907484055, 0.67925667762756, 0.20584404468536, -0.4601309299469, 1.48060572147369, 0.35826647281647, -1.03119957447052, 1.17780148983002, 0.18408137559891, 0, 0, 0, 0, 0, 0, -0.55139648914337, 0.79194867610931, 0.19981753826141, 0.59647047519684, 0.1960716098547, 2.54122710227966, 0.09689636528492, 0.05140437930822, -0.08581595867872, 0.18003033101559, 0.01057344861329, -0.01793964579701, 0.18986248970032, 0.00659136381, 0.00940074026585, 0.17568831145763, 0.01420776173472, 0.03847927600145, 0.14762869477272, 0.02119366824627, 0.05457248166203, -0.43200951814651, 0.73354625701904, 0.24142995476723, -0.40711948275566, 0.70494478940964, 0.1330414712429, -0.406742811203, 0.71298879384995, 0.10484264791012, -0.41711658239365, 0.74114716053009, 0.0905608907342, -0.43618303537369, 0.76807087659836, 0.09315322339535
-0.1238536760211, 1.12345218658447, 0.14586745202541, 0.3399555683136, -0.11559501290321, -0.46302345395088, -0.61404740810394, 0.68671977519989, 0.2066547870636, -0.4600396156311, 1.48076736927032, 0.35833668708801, -1.03076946735382, 1.17667984962463, 0.18532738089561, 0, 0, 0, 0, 0, 0, -0.55253410339355, 0.79705935716629, 0.20067965984344, 0.60030722618103, 0.19354252517223, 2.53845286369324, 0.09689636528492, 0.05140437930822, -0.08581595867872, 0.18003033101559, 0.01057344861329, -0.01793964579701, 0.18986248970032, 0.00659136381, 0.00940074026585, 0.17568831145763, 0.01420776173472, 0.03847927600145, 0.14762869477272, 0.02119366824627, 0.05457248166203, -0.4333627820015, 0.73816210031509, 0.24221260845661, -0.40845310688019, 0.70984613895416, 0.13375370204449, -0.40802502632141, 0.71798253059387, 0.10558211803436, -0.41830068826675, 0.74621909856796, 0.09138401597738, -0.4372889995575, 0.77319097518921, 0.09404744207859
-0.1515626758337, 0.92219346761703, 0.10980426520109, 0.38341143727303, -0.12014199793339, -0.4264789223671, -0.6155059337616, 0.69199633598328, 0.20710708200932, -0.45992735028267, 1.48090612888336, 0.35842192173004, -1.03051447868347, 1.17503416538239, 0.18702273070812, 0, 0, 0, 0, 0, 0, -0.55366408824921, 0.8005034327507, 0.20128095149994, 0.60368353128433, 0.19165098667145, 2.53656363487244, 0.09689636528492, 0.05140437930822, -0.08581595867872, 0.18003033101559, 0.01057344861329, -0.01793964579701, 0.18986248970032, 0.00659136381, 0.00940074026585, 0.17568831145763, 0.01420776173472, 0.03847927600145, 0.14762869477272, 0.02119366824627, 0.05457248166203, -0.43465533852577, 0.74122202396393, 0.24273353815079, -0.40971782803535, 0.71317911148071, 0.13421013951302, -0.40924882888794, 0.72139942646027, 0.10606358200312, -0.41945135593414, 0.74970096349716, 0.09194232523441, -0.43838322162628, 0.77670592069626, 0.09467156231403
-0.15646933019161, 0.65580362081528, 0.06755769252777, 0.40698230266571, -0.11869014799595, -0.36897671222687, -0.61686944961548, 0.69555878639221, 0.20733985304832, -0.45974063873291, 1.48107075691223, 0.35841298103333, -1.03087401390076, 1.17288887500763, 0.18888951838017, 0, 0, 0, 0, 0, 0, -0.55475038290024, 0.80281990766525, 0.20172119140625, 0.60642319917679, 0.1903662532568, 2.53544020652771, 0.09689636528492, 0.05140437930822, -0.08581595867872, 0.18003033101559, 0.01057344861329, -0.01793964579701, 0.18986248970032, 0.00659136381, 0.00940074026585, 0.17568831145763, 0.01420776173472, 0.03847927600145, 0.14762869477272, 0.02119366824627, 0.05457248166203, -0.4358531832695, 0.74326461553574, 0.24310119450092, -0.41088545322418, 0.71545898914337, 0.13452368974686, -0.41038650274277, 0.72374939918518, 0.10639819502831, -0.42053949832916, 0.75210082530975, 0.09234159439802, -0.43943458795547, 0.77912586927414, 0.09512653946877
-0.14996050298214, 0.44458863139153, 0.0404190979898, 0.3592594563961, -0.097921051085, -0.25950813293457, -0.61810928583145, 0.69795078039169, 0.20747546851635, -0.45962888002396, 1.48125886917114, 0.35839831829071, -1.03155589103699, 1.17053544521332, 0.19082126021385, 0, 0, 0, 0, 0, 0, -0.55411958694458, 0.81605708599091, 0.2018620967865, 0.60995197296143, 0.17942593991756, 2.51769709587097, 0.09689636528492, 0.05140437930822, -0.08581595867872, 0.18003033101559, 0.01057344861329, -0.01793964579701, 0.18986248970032, 0.00659136381, 0.00940074026585, 0.17568831145763, 0.01420776173472, 0.03847927600145, 0.14762869477272, 0.02119366824627, 0.05457248166203, -0.43616017699242, 0.75469708442688, 0.24328923225403, -0.4115235209465, 0.72660630941391, 0.13470950722694, -0.41087782382965, 0.73491042852402, 0.10659104585648, -0.42059418559074, 0.76342165470123, 0.09254898130894, -0.43908506631851, 0.79072415828705, 0.0953404456377
-0.13967514038086, 0.2988552749157, 0.02697229199111, 0.30623114109039, -0.07871836423874, -0.17462621629238, -0.61904495954514, 0.71214312314987, 0.20748227834702, -0.45944538712502, 1.48139810562134, 0.35836696624756, -1.03197169303894, 1.16867280006409, 0.19278629124165, 0, 0, 0, 0, 0, 0, -0.55387675762177, 0.82535362243652, 0.20205688476563, 0.61172014474869, 0.17409259080887, 2.50909161567688, 0.09689636528492, 0.05140437930822, -0.08581595867872, 0.18003033101559, 0.01057344861329, -0.01793964579701, 0.18986248970032, 0.00659136381, 0.00940074026585, 0.17568831145763, 0.01420776173472, 0.03847927600145, 0.14762869477272, 0.02119366824627, 0.05457248166203, -0.43638190627098, 0.76311928033829, 0.24349987506866, -0.41190618276596, 0.73490488529205, 0.13491579890251, -0.41118907928467, 0.74321812391281, 0.10680178552866, -0.42069286108017, 0.77180606126785, 0.09277018904686, -0.43898642063141, 0.7992405295372, 0.0955680385232
-0.02310991100967, 1.79589974880219, 0.00055968755623, 0.09544629603624, -0.09627433866262, -1.79323589801788, -0.61955606937408, 0.72191035747528, 0.20759919285774, -0.4593477845192, 1.48153030872345, 0.35835587978363, -1.03252530097961, 1.16650652885437, 0.19467347860336, 0, 0, 0, 0, 0, 0, -0.54648733139038, 0.84561771154404, 0.20235657691956, 0.61060571670532, 0.16500568389893, 2.49469542503357, 0.09689636528492, 0.05140437930822, -0.08581595867872, 0.18003033101559, 0.01057344861329, -0.01793964579701, 0.18986248970032, 0.00659136381, 0.00940074026585, 0.17568831145763, 0.01420776173472, 0.03847927600145, 0.14762869477272, 0.02119366824627, 0.05457248166203, -0.42974525690079, 0.78217273950577, 0.24409034848213, -0.40550595521927, 0.75334471464157, 0.13561446964741, -0.40467113256454, 0.76156222820282, 0.10747556388378, -0.4138360619545, 0.79021340608597, 0.0933478847146, -0.43181705474854, 0.81786376237869, 0.09604571759701
-0.01760959625244, 1.21670711040497, 0.01460194494575, 0.05948327109218, -0.04724960029125, -0.86177432537079, -0.61334955692291, 0.7429496049881, 0.20816235244274, -0.45922926068306, 1.48161888122559, 0.35835897922516, -1.03261137008667, 1.16519498825073, 0.19607330858707, 0, 0, 0, 0, 0, 0, -0.54243111610413, 0.85898470878601, 0.20268094539642, 0.60937905311584, 0.15581135451794, 2.48012828826904, 0.09689636528492, 0.05140437930822, -0.08581595867872, 0.18003033101559, 0.01057344861329, -0.01793964579701, 0.18986248970032, 0.00659136381, 0.00940074026585, 0.17568831145763, 0.01420776173472, 0.03847927600145, 0.14762869477272, 0.02119366824627, 0.05457248166203, -0.42646703124046, 0.79432165622711, 0.2447132319212, -0.40247339010239, 0.7648760676384, 0.13634866476059, -0.40151995420456, 0.7729954123497, 0.10818506032228, -0.41034042835236, 0.80170667171478, 0.09396031498909, -0.42800191044807, 0.82957184314728, 0.09655646979809
0.81459754705429, 2.58984065055847, 0.04401683434844, -0.36928787827492, -0.09960638731718, -1.38086402416229, -0.61048376560211, 0.75711703300476, 0.20874828100204, -0.45918247103691, 1.48169195652008, 0.35839831829071, -1.03238081932068, 1.16433560848236, 0.19678755104542, 0, 0, 0, 0, 0, 0, -0.5404189825058, 0.86813318729401, 0.20301854610443, 0.6079141497612, 0.14570525288582, 2.464111328125, 0.09689636528492, 0.05140437930822, -0.08581595867872, 0.18003033101559, 0.01057344861329, -0.01793964579701, 0.18986248970032, 0.00659136381, 0.00940074026585, 0.17568831145763, 0.01420776173472, 0.03847927600145, 0.14762869477272, 0.02119366824627, 0.05457248166203, -0.42532929778099, 0.80213910341263, 0.24538394808769, -0.40161335468292, 0.77201819419861, 0.13714390993118, -0.40053021907806, 0.78002816438675, 0.10895366221666, -0.40897005796432, 0.8088007569313, 0.09462239593267, -0.42627656459808, 0.83689785003662, 0.09710620343685
0.41546341776848, 1.76524388790131, 0.04628777131438, -0.37373569607735, -0.10178402066231, -1.38943064212799, -0.60977280139923, 0.76716423034668, 0.20936779677868, -0.459089666605, 1.48185098171234, 0.35847198963165, -1.03185403347015, 1.16423153877258, 0.19695164263248, 0, 0, 0, 0, 0, 0, -0.53957068920135, 0.8751602768898, 0.20337879657745, 0.60593646764755, 0.1332593858242, 2.44437098503113, 0.09689636528492, 0.05140437930822, -0.08581595867872, 0.18003033101559, 0.01057344861329, -0.01793964579701, 0.18986248970032, 0.00659136381, 0.00940074026585, 0.17568831145763, 0.01420776173472, 0.03847927600145, 0.14762869477272, 0.02119366824627, 0.05457248166203, -0.42558592557907, 0.8075378537178, 0.24616158008575, -0.40222352743149, 0.77658981084824, 0.13807812333107, -0.40098160505295, 0.7844625711441, 0.10985580086708, -0.40894967317581, 0.81330394744873, 0.09539344161749, -0.42581337690353, 0.84168094396591, 0.09773802757263
0.16508100926876, 1.27641665935516, 0.04771649464965, -0.41035586595535, -0.11370758712292, -1.53151798248291, -0.61051684617996, 0.77532589435577, 0.2100677639246, -0.45901408791542, 1.48190176486969, 0.35847461223602, -1.03098154067993, 1.16416609287262, 0.19717465341091, 0, 0, 0, 0, 0, 0, -0.5344922542572, 0.88300758600235, 0.20472407341003, 0.60138595104218, 0.11139404773712, 2.41056752204895, 0.09689636528492, 0.05140437930822, -0.08581595867872, 0.18003033101559, 0.01057344861329, -0.01793964579701, 0.18986248970032, 0.00659136381, 0.00940074026585, 0.17568831145763, 0.01420776173472, 0.03847927600145, 0.14762869477272, 0.02119366824627, 0.05457248166203, -0.42249023914337, 0.81266856193542, 0.2483549118042, -0.39969676733017, 0.78024190664291, 0.14058391749859, -0.39816969633102, 0.78785365819931, 0.11230403184891, -0.40531691908836, 0.81678426265717, 0.0975928902626, -0.42141216993332, 0.84562474489212, 0.09966703504324
0.01057147886604, 1.06530904769897, 0.05088150128722, -0.50619214773178, -0.14260168373585, -1.89635622501373, -0.60813212394714, 0.78518527746201, 0.21200160682201, -0.45896178483963, 1.48190402984619, 0.35841429233551, -1.03014445304871, 1.16449153423309, 0.19684556126595, 0, 0, 0, 0, 0, 0, -0.53232324123383, 0.89044010639191, 0.20581066608429, 0.5933301448822, 0.07864910364151, 2.35966753959656, 0.09689636528492, 0.05140437930822, -0.08581595867872, 0.18003033101559, 0.01057344861329, -0.01793964579701, 0.18986248970032, 0.00659136381, 0.00940074026585, 0.17568831145763, 0.01420776173472, 0.03847927600145, 0.14762869477272, 0.02119366824627, 0.05457248166203, -0.42347931861877, 0.8160907626152, 0.25076451897621, -0.40162318944931, 0.78145414590836, 0.14348810911179, -0.39967504143715, 0.78865420818329, 0.11512640863657, -0.40556904673576, 0.81767404079437, 0.10004040598869, -0.42047199606895, 0.84717458486557, 0.10170041024685
0.46146151423454, 1.32546889781952, 0.16675113141537, -0.94949513673782, -0.32098773121834, -3.24835395812988, -0.60995292663574, 0.79582166671753, 0.21393306553364, -0.45889261364937, 1.48191630840302, 0.35836100578308, -1.02955758571625, 1.16459894180298, 0.19668094813824, 0, 0, 0, 0, 0, 0, -0.53101003170013, 0.89698493480682, 0.20662581920624, 0.58561778068542, 0.05196899920702, 2.31789326667786, 0.09689636528492, 0.05140437930822, -0.08581595867872, 0.18003033101559, 0.01057344861329, -0.01793964579701, 0.18986248970032, 0.00659136381, 0.00940074026585, 0.17568831145763, 0.01420776173472, 0.03847927600145, 0.14762869477272, 0.02119366824627, 0.05457248166203, -0.42491728067398, 0.81941896677017, 0.25270757079124, -0.40390488505363, 0.78298383951187, 0.14585918188095, -0.40161880850792, 0.78982877731323, 0.11743484437466, -0.40646862983704, 0.81888025999069, 0.10204103589058, -0.42036062479019, 0.84888726472855, 0.10335491597652
0.05548238381743, 1.48248183727264, 0.13116896152496, -1.44152724742889, -0.49338498711586, -4.93654155731201, -0.61185246706009, 0.80515658855438, 0.21540319919586, -0.45880800485611, 1.4818742275238, 0.35826790332794, -1.0289351940155, 1.16497325897217, 0.1963017731905, 0, 0, 0, 0, 0, 0, -0.5304890871048, 0.90354204177856, 0.2073540687561, 0.57553642988205, 0.02165940962732, 2.27003860473633, 0.09689636528492, 0.05140437930822, -0.08581595867872, 0.18003033101559, 0.01057344861329, -0.01793964579701, 0.18986248970032, 0.00659136381, 0.00940074026585, 0.17568831145763, 0.01420776173472, 0.03847927600145, 0.14762869477272, 0.02119366824627, 0.05457248166203, -0.42773047089577, 0.8223785161972, 0.25477588176727, -0.40776962041855, 0.78390097618103, 0.14844310283661, -0.40510535240173, 0.79031926393509, 0.11995224654675, -0.40874123573303, 0.81935906410217, 0.1042058467865, -0.42143815755844, 0.84990561008453, 0.10511618852615
0.00615835143253, 1.28171670436859, 0.09178876131773, -1.19523930549622, -0.41443568468094, -4.09736967086792, -0.61493992805481, 0.81509357690811, 0.21683692932129, -0.45872038602829, 1.48183822631836, 0.35817813873291, -1.02871918678284, 1.16534304618835, 0.19574543833733, 0, 0, 0, 0, 0, 0, -0.52990579605103, 0.90491187572479, 0.208531498909, 0.56820422410965, -0.02513239905238, 2.1946005821228, 0.09689636528492, 0.05140437930822, -0.08581595867872, 0.18003033101559, 0.01057344861329, -0.01793964579701, 0.18986248970032, 0.00659136381, 0.00940074026585, 0.17568831145763, 0.01420776173472, 0.03847927600145, 0.14762869477272, 0.02119366824627, 0.05457248166203, -0.43277427554131, 0.81775206327438, 0.25715571641922, -0.41468653082848, 0.77730077505112, 0.15122109651566, -0.41145777702332, 0.78332626819611, 0.12270282953978, -0.41315451264381, 0.81242072582245, 0.10673068463802, -0.42389357089996, 0.84371650218964, 0.10734803974628
-0.09176015108824, 1.36863458156586, 0.07277189940214, -1.38558208942413, -0.48685109615326, -4.75440168380737, -0.61984896659851, 0.82206618785858, 0.21811392903328, -0.45862239599228, 1.48175573348999, 0.35808718204498, -1.02850198745728, 1.16582679748535, 0.19500477612019, 0, 0, 0, 0, 0, 0, -0.52953827381134, 0.90800589323044, 0.20934534072876, 0.55912035703659, -0.06582466512918, 2.12845873832703, 0.09689636528492, 0.05140437930822, -0.08581595867872, 0.18003033101559, 0.01057344861329, -0.01793964579701, 0.18986248970032, 0.00659136381, 0.00940074026585, 0.17568831145763, 0.01420776173472, 0.03847927600145, 0.14762869477272, 0.02119366824627, 0.05457248166203, -0.43771520256996, 0.81585025787354, 0.25905999541283, -0.42138549685478, 0.7737398147583, 0.15348693728447, -0.41767591238022, 0.77938377857208, 0.12494911253452, -0.41765102744102, 0.80842036008835, 0.10878267884254, -0.4266157746315, 0.84027373790741, 0.10914117097855
-0.12858152389526, 1.11273765563965, 0.07496952265501, -0.86608320474625, -0.71372258663177, -7.61238050460815, -0.62404727935791, 0.83041316270828, 0.21895879507065, -0.45852315425873, 1.48167037963867, 0.35802114009857, -1.02818644046783, 1.16650438308716, 0.19416385889053, 0, 0, 0, 0, 0, 0, -0.5289266705513, 0.91155081987381, 0.20999550819397, 0.55034387111664, -0.09695770591497, 2.07739472389221, 0.09689636528492, 0.05140437930822, -0.08581595867872, 0.18003033101559, 0.01057344861329, -0.01793964579701, 0.18986248970032, 0.00659136381, 0.00940074026585, 0.17568831145763, 0.01420776173472, 0.03847927600145, 0.14762869477272, 0.02119366824627, 0.05457248166203, -0.44145002961159, 0.81571382284164, 0.26057997345924, -0.42655342817307, 0.77236664295197, 0.15529592335224, -0.42248183488846, 0.7776905298233, 0.12674595415592, -0.42111366987228, 0.80661177635193, 0.11043127626181, -0.42867049574852, 0.83882981538773, 0.11058767139912
-0.08100985735655, 1.22084844112396, 0.03150343894958, -0.78353542089462, -0.64115417003632, -6.75186109542847, -0.62679487466812, 0.83823877573013, 0.2195955067873, -0.45842400193214, 1.48157715797424, 0.35795342922211, -1.02807283401489, 1.16717493534088, 0.19328606128693, 0, 0, 0, 0, 0, 0, -0.5282860994339, 0.9157098531723, 0.2105507850647, 0.54060125350952, -0.12605531513691, 2.02921390533447, 0.09689636528492, 0.05140437930822, -0.08581595867872, 0.18003033101559, 0.01057344861329, -0.01793964579701, 0.18986248970032, 0.00659136381, 0.00940074026585, 0.17568831145763, 0.01420776173472, 0.03847927600145, 0.14762869477272, 0.02119366824627, 0.05457248166203, -0.44511559605598, 0.81654739379883, 0.26198178529739, -0.43163359165192, 0.772067964077, 0.15697973966599, -0.4272281229496, 0.77706813812256, 0.12842079997063, -0.42458099126816, 0.8058215379715, 0.11196735501289, -0.4307781457901, 0.83832883834839, 0.11193061619997
0.00928401853889, 1.09311819076538, 0.02137183956802, -0.62603431940079, -0.50785934925079, -5.27768754959106, -0.62918549776077, 0.84662300348282, 0.22010660171509, -0.45830541849136, 1.48143088817596, 0.35787308216095, -1.02779924869537, 1.16817438602448, 0.19214643537998, 0, 0, 0, 0, 0, 0, -0.52735447883606, 0.91978776454926, 0.21107506752014, 0.5321883559227, -0.14801821112633, 1.99250149726868, 0.09689636528492, 0.05140437930822, -0.08581595867872, 0.18003033101559, 0.01057344861329, -0.01793964579701, 0.18986248970032, 0.00659136381, 0.00940074026585, 0.17568831145763, 0.01420776173472, 0.03847927600145, 0.14762869477272, 0.02119366824627, 0.05457248166203, -0.44760310649872, 0.81819319725037, 0.26317051053047, -0.43524080514908, 0.77287298440933, 0.15839038789272, -0.43058609962463, 0.77761149406433, 0.1298263669014, -0.42695695161819, 0.80619668960571, 0.11326764523983, -0.43209710717201, 0.83888733386993, 0.11308163404465
0.04335164651275, 1.13874435424805, 0.00834167003632, -0.61147427558899, -0.49140217900276, -5.0407862663269, -0.63046944141388, 0.85404551029205, 0.22057567536831, -0.45818462967873, 1.48127257823944, 0.35778725147247, -1.02758324146271, 1.16902017593384, 0.19112412631512, 0, 0, 0, 0, 0, 0, -0.52629566192627, 0.92401784658432, 0.21157884597778, 0.5240153670311, -0.1672630161047, 1.96005010604858, 0.09689636528492, 0.05140437930822, -0.08581595867872, 0.18003033101559, 0.01057344861329, -0.01793964579701, 0.18986248970032, 0.00659136381, 0.00940074026585, 0.17568831145763, 0.01420776173472, 0.03847927600145, 0.14762869477272, 0.02119366824627, 0.05457248166203, -0.44966876506805, 0.82035064697266, 0.26427710056305, -0.43832713365555, 0.77430289983749, 0.15969893336296, -0.43345612287521, 0.77879858016968, 0.1311317384243, -0.42895346879959, 0.80720508098602, 0.11448016762733, -0.43314397335052, 0.84002989530563, 0.11416041851044
0.10450600832701, 0.9831046462059, 0.01507580187172, -0.48275920748711, -0.38400170207024, -3.88987684249878, -0.63129824399948, 0.8613246679306, 0.22101429104805, -0.45802116394043, 1.48105418682098, 0.35767018795013, -1.02714681625366, 1.16999268531799, 0.18966493010521, 0, 0, 0, 0, 0, 0, -0.52591794729233, 0.92155516147614, 0.21144306659698, 0.51505309343338, -0.18699362874031, 1.9323992729187, 0.09689636528492, 0.05140437930822, -0.08581595867872, 0.18003033101559, 0.01057344861329, -0.01793964579701, 0.18986248970032, 0.00659136381, 0.00940074026585, 0.17568831145763, 0.01420776173472, 0.03847927600145, 0.14762869477272, 0.02119366824627, 0.05457248166203, -0.45224407315254, 0.81623774766922, 0.26507222652435, -0.44144594669342, 0.76943135261536, 0.16077372431755, -0.43629339337349, 0.77366954088211, 0.13221655786037, -0.43097698688507, 0.80187559127808, 0.11546444892883, -0.43433648347855, 0.83479368686676, 0.11497108638287
0.13424634933472, 0.94865792989731, 0.0155174722895, -0.44053503870964, -0.34702056646347, -3.4765784740448, -0.63252228498459, 0.86157155036926, 0.22052519023418, -0.45771268010139, 1.48060786724091, 0.35747158527374, -1.02688908576965, 1.17094004154205, 0.18819199502468, 0, 0, 0, 0, 0, 0, -0.52538251876831, 0.92040187120438, 0.21143960952759, 0.50785148143768, -0.20171777904034, 1.91077601909637, 0.09689636528492, 0.05140437930822, -0.08581595867872, 0.18003033101559, 0.01057344861329, -0.01793964579701, 0.18986248970032, 0.00659136381, 0.00940074026585, 0.17568831145763, 0.01420776173472, 0.03847927600145, 0.14762869477272, 0.02119366824627, 0.05457248166203, -0.45403963327408, 0.81382685899734, 0.26573175191879, -0.44374680519104, 0.76645386219025, 0.16163814067841, -0.43839374184608, 0.77048981189728, 0.13308855891228, -0.43244841694832, 0.7985263466835, 0.11626347899437, -0.4351501762867, 0.83150285482407, 0.11564475297928
0.06520986557007, 0.08648156374693, -0.11086999624968, -0.55086386203766, -0.71996468305588, -3.02350282669067, -0.63319563865662, 0.86258161067963, 0.22027951478958, -0.45744082331657, 1.48036372661591, 0.35736072063446, -1.02720594406128, 1.17141461372375, 0.1871210038662, 0, 0, 0, 0, 0, 0, -0.52571392059326, 0.91330057382584, 0.21165227890015, 0.50490415096283, -0.19970278441906, 1.91082668304443, 0.09689636528492, 0.05140437930822, -0.08581595867872, 0.18003033101559, 0.01057344861329, -0.01793964579701, 0.18986248970032, 0.00659136381, 0.00940074026585, 0.17568831145763, 0.01420776173472, 0.03847927600145, 0.14762869477272, 0.02119366824627, 0.05457248166203, -0.45432075858116, 0.80684423446655, 0.26611095666885, -0.44426089525223, 0.75916433334351, 0.16213476657867, -0.43896248936653, 0.76311463117599, 0.13356302678585, -0.43303552269936, 0.79109907150269, 0.11664497852325, -0.43572065234184, 0.82407510280609, 0.11593608558178
0.08655308932066, 0.1625490039587, -0.06689071655273, -0.41056084632874, -0.49647146463394, -2.38522148132324, -0.63354051113129, 0.8555651307106, 0.22087417542934, -0.45717719197273, 1.48012363910675, 0.3572404384613, -1.02771520614624, 1.17178010940552, 0.18590353429317, 0, 0, 0, 0, 0, 0, -0.52581763267517, 0.90652465820313, 0.21193099021912, 0.50061619281769, -0.20096682012081, 1.90567409992218, 0.09689636528492, 0.05140437930822, -0.08581595867872, 0.18003033101559, 0.01057344861329, -0.01793964579701, 0.18986248970032, 0.00659136381, 0.00940074026585, 0.17568831145763, 0.01420776173472, 0.03847927600145, 0.14762869477272, 0.02119366824627, 0.05457248166203, -0.45492035150528, 0.79987317323685, 0.26665496826172, -0.44523978233337, 0.751797914505, 0.16282492876053, -0.43995571136475, 0.75562584400177, 0.13423389196396, -0.43390193581581, 0.783522605896, 0.11721623688936, -0.43641391396523, 0.81650984287262, 0.11640155315399
-0.04114865884185, -0.84669822454453, 0.05283414945006, -0.3442148566246, 0.23566953837872, -0.06704945862293, -0.63393592834473, 0.84939014911652, 0.22147423028946, -0.45687103271484, 1.47982609272003, 0.35713541507721, -1.0285267829895, 1.17182290554047, 0.18545134365559, 0, 0, 0, 0, 0, 0, -0.52564525604248, 0.90136343240738, 0.21225023269653, 0.49550932645798, -0.20496028661728, 1.89643514156342, 0.09689636528492, 0.05140437930822, -0.08581595867872, 0.18003033101559, 0.01057344861329, -0.01793964579701, 0.18986248970032, 0.00659136381, 0.00940074026585, 0.17568831145763, 0.01420776173472, 0.03847927600145, 0.14762869477272, 0.02119366824627, 0.05457248166203, -0.45568457245827, 0.79426431655884, 0.26730436086655, -0.44648125767708, 0.74575507640839, 0.16363289952278, -0.44117546081543, 0.74943917989731, 0.13502699136734, -0.434878885746, 0.77722305059433, 0.11791303753853, -0.43709492683411, 0.8102285861969, 0.11698827147484
-0.00773906661198, -0.73562616109848, 0.04839062318206, -0.3952588737011, 0.14704522490501, -0.62616258859634, -0.63426804542542, 0.84523451328278, 0.22202964127064, -0.45653149485588, 1.47952771186829, 0.35704565048218, -1.02950274944305, 1.17182564735413, 0.18452386558056, 0, 0, 0, 0, 0, 0, -0.52526295185089, 0.89795869588852, 0.21258211135864, 0.48995667695999, -0.21076226234436, 1.88458299636841, 0.09689636528492, 0.05140437930822, -0.08581595867872, 0.18003033101559, 0.01057344861329, -0.01793964579701, 0.18986248970032, 0.00659136381, 0.00940074026585, 0.17568831145763, 0.01420776173472, 0.03847927600145, 0.14762869477272, 0.02119366824627, 0.05457248166203, -0.4565335214138, 0.79025262594223, 0.26800185441971, -0.44786369800568, 0.7413022518158, 0.16449190676212, -0.44251134991646, 0.74483203887939, 0.13587521016598, -0.43589639663696, 0.77248626947403, 0.11867165565491, -0.43773710727692, 0.80551165342331, 0.11763826012611
0.03123521618545, -0.48541542887688, 0.04062115773559, -0.4096265733242, 0.05239167809486, -1.08727943897247, -0.63451826572418, 0.84310001134872, 0.22252213954926, -0.45614406466484, 1.47919940948486, 0.35691368579865, -1.03033840656281, 1.17204797267914, 0.18400940299034, 0, 0, 0, 0, 0, 0, -0.52513515949249, 0.8861477971077, 0.21195185184479, 0.49395522475243, -0.18986023962498, 1.92343890666962, 0.09689636528492, 0.05140437930822, -0.08581595867872, 0.18003033101559, 0.01057344861329, -0.01793964579701, 0.18986248970032, 0.00659136381, 0.00940074026585, 0.17568831145763, 0.01420776173472, 0.03847927600145, 0.14762869477272, 0.02119366824627, 0.05457248166203, -0.45260792970657, 0.78102934360504, 0.2674999833107, -0.44251990318298, 0.73210155963898, 0.164107888937, -0.43736344575882, 0.73572897911072, 0.13546745479107, -0.43174543976784, 0.76354342699051, 0.11816798150539, -0.43472221493721, 0.79648292064667, 0.1170451939106
0.06165504083037, -0.23828028142452, 0.03234386444092, -0.39160421490669, -0.02347058430314, -1.35801553726196, -0.63241612911224, 0.82759827375412, 0.22233185172081, -0.45580509305, 1.47890961170197, 0.3568320274353, -1.03159046173096, 1.17150950431824, 0.18349534273148, 0, 0, 0, 0, 0, 0, -0.52474796772003, 0.87793278694153, 0.21159565448761, 0.49493613839149, -0.17729489505291, 1.94693267345428, 0.09689636528492, 0.05140437930822, -0.08581595867872, 0.18003033101559, 0.01057344861329, -0.01793964579701, 0.18986248970032, 0.00659136381, 0.00940074026585, 0.17568831145763, 0.01420776173472, 0.03847927600145, 0.14762869477272, 0.02119366824627, 0.05457248166203, -0.45000284910202, 0.77448117733002, 0.26733264327049, -0.43905675411224, 0.7254786491394, 0.16406328976154, -0.43401551246643, 0.72913014888763, 0.1354053914547, -0.42899322509766, 0.75700497627258, 0.11802011728287, -0.43264657258987, 0.78987324237823, 0.1168095394969
-0.02807378582656, -1.94493758678436, -0.04018663987517, -0.34855559468269, 0.30537840723991, 4.11808586120605, -0.63079088926315, 0.81722497940063, 0.2222943007946, -0.45546236634254, 1.47861409187317, 0.35669219493866, -1.03281021118164, 1.17074286937714, 0.18368639051914, 0, 0, 0, 0, 0, 0, -0.52417123317719, 0.87222343683243, 0.21145725250244, 0.49415504932404, -0.16908957064152, 1.96256160736084, 0.09689636528492, 0.05140437930822, -0.08581595867872, 0.18003033101559, 0.01057344861329, -0.01793964579701, 0.18986248970032, 0.00659136381, 0.00940074026585, 0.17568831145763, 0.01420776173472, 0.03847927600145, 0.14762869477272, 0.02119366824627, 0.05457248166203, -0.44800215959549, 0.76995956897736, 0.2674577832222, -0.43647873401642, 0.72078377008438, 0.16433373093605, -0.43150889873505, 0.72441238164902, 0.13566046953201, -0.42687436938286, 0.75229728221893, 0.11818386614323, -0.43096929788589, 0.78510957956314, 0.11687321960926
0.02933978848159, -1.30233752727509, -0.02323865704238, -0.33721911907196, 0.16992098093033, 2.46126413345337, -0.62938189506531, 0.81013256311417, 0.22243183851242, -0.45520317554474, 1.47832238674164, 0.3565548658371, -1.03408646583557, 1.16971218585968, 0.1835540831089, 0, 0, 0, 0, 0, 0, -0.52355813980103, 0.8682644367218, 0.21143484115601, 0.49224424362183, -0.16506640613079, 1.97059392929077, 0.09689636528492, 0.05140437930822, -0.08581595867872, 0.18003033101559, 0.01057344861329, -0.01793964579701, 0.18986248970032, 0.00659136381, 0.00940074026585, 0.17568831145763, 0.01420776173472, 0.03847927600145, 0.14762869477272, 0.02119366824627, 0.05457248166203, -0.4466980099678, 0.7666819691658, 0.26773050427437, -0.43486905097961, 0.71726846694946, 0.16475474834442, -0.42992949485779, 0.72084230184555, 0.13606938719749, -0.42548444867134, 0.74870377779007, 0.11850645393133, -0.42979806661606, 0.7814838886261, 0.11709634959698
0.06166934594512, -0.89346164464951, -0.00614762259647, -0.37693923711777, 0.09456197172403, 1.61106765270233, -0.62835073471069, 0.8055083155632, 0.22262361645699, -0.454899340868, 1.47802996635437, 0.35644006729126, -1.03520154953003, 1.16884732246399, 0.18377828598022, 0, 0, 0, 0, 0, 0, -0.52298498153687, 0.85418426990509, 0.21179270744324, 0.50157225131989, -0.1122038885951, 2.05824542045593, 0.09689636528492, 0.05140437930822, -0.08581595867872, 0.18003033101559, 0.01057344861329, -0.01793964579701, 0.18986248970032, 0.00659136381, 0.00940074026585, 0.17568831145763, 0.01420776173472, 0.03847927600145, 0.14762869477272, 0.02119366824627, 0.05457248166203, -0.4378674030304, 0.75896847248077, 0.26733216643333, -0.42337527871132, 0.71043092012405, 0.16428026556969, -0.41904306411743, 0.71432399749756, 0.13553833961487, -0.41696447134018, 0.74241375923157, 0.11789973080158, -0.42382156848907, 0.77475827932358, 0.11650528013706
0.07102489471436, -0.57985061407089, -0.00039339062641, -0.36608356237411, 0.02633918449283, 0.79646039009094, -0.62246787548065, 0.78351545333862, 0.22420530021191, -0.45463129878044, 1.47774219512939, 0.35634136199951, -1.03635323047638, 1.16807568073273, 0.18401248753071, 0, 0, 0, 0, 0, 0, -0.52224695682526, 0.84441739320755, 0.21206700801849, 0.50438058376312, -0.07843603938818, 2.11390542984009, 0.09689636528492, 0.05140437930822, -0.08581595867872, 0.18003033101559, 0.01057344861329, -0.01793964579701, 0.18986248970032, 0.00659136381, 0.00940074026585, 0.17568831145763, 0.01420776173472, 0.03847927600145, 0.14762869477272, 0.02119366824627, 0.05457248166203, -0.43220418691635, 0.75357955694199, 0.26717114448547, -0.41607049107552, 0.70559918880463, 0.16410221159458, -0.4121313393116, 0.70964109897614, 0.13532428443432, -0.41154742240906, 0.73776322603226, 0.11762454360723, -0.41998413205147, 0.76973187923431, 0.11622371524572
0.08274077624083, -2.87991976737976, 0.21272955834866, -0.17102931439877, 1.32618629932404, 9.31374645233154, -0.61807501316071, 0.76900458335876, 0.22529149055481, -0.45426860451698, 1.47739338874817, 0.35625505447388, -1.03716111183167, 1.16781532764435, 0.18445485830307, 0, 0, 0, 0, 0, 0, -0.52142679691315, 0.83727288246155, 0.21232450008392, 0.50443410873413, -0.05519450455904, 2.15224051475525, 0.09689636528492, 0.05140437930822, -0.08581595867872, 0.18003033101559, 0.01057344861329, -0.01793964579701, 0.18986248970032, 0.00659136381, 0.00940074026585, 0.17568831145763, 0.01420776173472, 0.03847927600145, 0.14762869477272, 0.02119366824627, 0.05457248166203, -0.42813593149185, 0.74962544441223, 0.26719185709953, -0.41088652610779, 0.70197874307632, 0.16414883732796, -0.40721949934959, 0.70608496665955, 0.13534408807755, -0.40766042470932, 0.73417073488235, 0.11758251488209, -0.41716942191124, 0.76583576202393, 0.11615437269211
0.14562605321407, -1.9193457365036, 0.14119148254395, -0.22155298292637, 0.83162426948547, 5.85667371749878, -0.61461281776428, 0.75872439146042, 0.22616276144981, -0.45401188731194, 1.47709774971008, 0.35624134540558, -1.03798961639404, 1.16763234138489, 0.18393395841122, 0, 0, 0, 0, 0, 0, -0.5206880569458, 0.8318852186203, 0.21254479885101, 0.5032771229744, -0.0401524938643, 2.1771605014801, 0.09689636528492, 0.05140437930822, -0.08581595867872, 0.18003033101559, 0.01057344861329, -0.01793964579701, 0.18986248970032, 0.00659136381, 0.00940074026585, 0.17568831145763, 0.01420776173472, 0.03847927600145, 0.14762869477272, 0.02119366824627, 0.05457248166203, -0.42535001039505, 0.74640893936157, 0.26731830835342, -0.40737634897232, 0.69891893863678, 0.16432672739029, -0.40388551354408, 0.70303976535797, 0.13550217449665, -0.40499007701874, 0.73106962442398, 0.11768133193254, -0.41518956422806, 0.76251721382141, 0.11621356755495
0.15909431874752, -1.3684629201889, 0.10678230971098, -0.26246544718742, 0.56553083658218, 4.01907300949097, -0.61210232973099, 0.75136065483093, 0.22683553397655, -0.45370012521744, 1.47681391239166, 0.35622644424438, -1.03851294517517, 1.1682745218277, 0.18276238441467, 0, 0, 0, 0, 0, 0, -0.51894050836563, 0.81579923629761, 0.21177971363068, 0.49617525935173, 0.01839322037995, 2.28366184234619, 0.09689636528492, 0.05140437930822, -0.08581595867872, 0.18003033101559, 0.01057344861329, -0.01793964579701, 0.18986248970032, 0.00659136381, 0.00940074026585, 0.17568831145763, 0.01420776173472, 0.03847927600145, 0.14762869477272, 0.02119366824627, 0.05457248166203, -0.41565969586372, 0.74004805088043, 0.26646530628204, -0.39406421780586, 0.69357204437256, 0.16370719671249, -0.39117711782455, 0.69775664806366, 0.13482508063316, -0.39501756429672, 0.72540998458862, 0.11679674685001, -0.40811610221863, 0.75575631856918, 0.11516524851322
0.13742208480835, -0.97746127843857, 0.07717429846525, -0.2633849978447, 0.36110782623291, 2.60845899581909, -0.60234159231186, 0.72722750902176, 0.22741004824638, -0.45341017842293, 1.47656142711639, 0.35620415210724, -1.0389416217804, 1.16893351078033, 0.18166919052601, 0, 0, 0, 0, 0, 0, -0.51744627952576, 0.80440789461136, 0.21130406856537, 0.48809263110161, 0.05553549155593, 2.35188484191895, 0.09689636528492, 0.05140437930822, -0.08581595867872, 0.18003033101559, 0.01057344861329, -0.01793964579701, 0.18986248970032, 0.00659136381, 0.00940074026585, 0.17568831145763, 0.01420776173472, 0.03847927600145, 0.14762869477272, 0.02119366824627, 0.05457248166203, -0.40952482819557, 0.73535490036011, 0.26589637994766, -0.38564825057983, 0.68965113162994, 0.16329674422741, -0.38315522670746, 0.69382905960083, 0.13437700271606, -0.38874274492264, 0.72109174728394, 0.11621099710464, -0.40365660190582, 0.75058221817017, 0.11447297036648
0.50394058227539, -3.33524441719055, 0.04611253365874, -0.97342956066132, 0.89641696214676, 11.2073068618774, -0.59527456760406, 0.71106123924255, 0.2278615385294, -0.45305624604225, 1.47632873058319, 0.35617554187775, -1.03910541534424, 1.16937029361725, 0.18080714344978, 0, 0, 0, 0, 0, 0, -0.51597094535828, 0.79567325115204, 0.21106433868408, 0.47999733686447, 0.08303997665644, 2.40294003486633, 0.09689636528492, 0.05140437930822, -0.08581595867872, 0.18003033101559, 0.01057344861329, -0.01793964579701, 0.18986248970032, 0.00659136381, 0.00940074026585, 0.17568831145763, 0.01420776173472, 0.03847927600145, 0.14762869477272, 0.02119366824627, 0.05457248166203, -0.40481349825859, 0.73189043998718, 0.26557537913322, -0.37924838066101, 0.68680799007416, 0.16310776770115, -0.37705346941948, 0.69094979763031, 0.13415867090225, -0.38394510746002, 0.71783751249313, 0.11588210612535, -0.40019541978836, 0.74660789966583, 0.11405828595161
0.43936011195183, -2.25780487060547, 0.04033684358001, -0.70217317342758, 0.58735489845276, 7.24553060531616, -0.58939778804779, 0.69895797967911, 0.22837479412556, -0.4526661336422, 1.47611546516418, 0.35613811016083, -1.03964066505432, 1.16950976848602, 0.18053661286831, 0, 0, 0, 0, 0, 0, -0.51473379135132, 0.78874641656876, 0.21092522144318, 0.47301131486893, 0.10250779241323, 2.4394474029541, 0.09689636528492, 0.05140437930822, -0.08581595867872, 0.18003033101559, 0.01057344861329, -0.01793964579701, 0.18986248970032, 0.00659136381, 0.00940074026585, 0.17568831145763, 0.01420776173472, 0.03847927600145, 0.14762869477272, 0.02119366824627, 0.05457248166203, -0.40139085054398, 0.72887754440308, 0.26537501811981, -0.37462645769119, 0.68425267934799, 0.16301339864731, -0.37264609336853, 0.68834888935089, 0.13404235243797, -0.38046836853027, 0.71492183208466, 0.11568021774292, -0.39766255021095, 0.7431338429451, 0.11378935724497
0.40933367609978, -1.70991885662079, 0.05063831433654, -0.59329742193222, 0.44876086711884, 5.47567892074585, -0.58488810062408, 0.68973511457443, 0.22881759703159, -0.45229479670525, 1.47597122192383, 0.35613799095154, -1.04059505462646, 1.16926169395447, 0.17972080409527, 0, 0, 0, 0, 0, 0, -0.51381903886795, 0.78249591588974, 0.21027863025665, 0.46715503931046, 0.13262093067169, 2.49105930328369, 0.09689636528492, 0.05140437930822, -0.08581595867872, 0.18003033101559, 0.01057344861329, -0.01793964579701, 0.18986248970032, 0.00659136381, 0.00940074026585, 0.17568831145763, 0.01420776173472, 0.03847927600145, 0.14762869477272, 0.02119366824627, 0.05457248166203, -0.39745891094208, 0.72797763347626, 0.26397925615311, -0.36934238672256, 0.68458294868469, 0.16145133972168, -0.36774873733521, 0.68874996900558, 0.13246653974056, -0.37691789865494, 0.71492111682892, 0.11415058374405, -0.3954139649868, 0.74230456352234, 0.11236821115017
0.33497568964958, -1.30180823802948, 0.04452824220061, -0.47407779097557, 0.32659474015236, 3.95479655265808, -0.57918530702591, 0.68034875392914, 0.22866907715797, -0.45189708471298, 1.47581398487091, 0.35617196559906, -1.04182851314545, 1.16837549209595, 0.17971654236317, 0, 0, 0, 0, 0, 0, -0.51242452859879, 0.77661681175232, 0.20991051197052, 0.45946377515793, 0.16033531725407, 2.53955769538879, 0.09689636528492, 0.05140437930822, -0.08581595867872, 0.18003033101559, 0.01057344861329, -0.01793964579701, 0.18986248970032, 0.00659136381, 0.00940074026585, 0.17568831145763, 0.01420776173472, 0.03847927600145, 0.14762869477272, 0.02119366824627, 0.05457248166203, -0.3934563100338, 0.72734969854355, 0.26296705007553, -0.36407253146172, 0.68509060144424, 0.16032019257545, -0.36283800005913, 0.68928295373917, 0.13132151961327, -0.37326043844223, 0.71499925851822, 0.11303160339594, -0.39295470714569, 0.74153935909271, 0.11133012920618
0.39849039912224, -1.40077817440033, 0.01941919140518, -0.05017694830894, 0.80752998590469, 5.56601524353027, -0.57311809062958, 0.6717169880867, 0.22881345450878, -0.4515355527401, 1.47570192813873, 0.35625422000885, -1.04308092594147, 1.16730403900146, 0.18005345761776, 0, 0, 0, 0, 0, 0, -0.51101303100586, 0.77119302749634, 0.20966470241547, 0.45129695534706, 0.18319757282734, 2.58047652244568, 0.09689636528492, 0.05140437930822, -0.08581595867872, 0.18003033101559, 0.01057344861329, -0.01793964579701, 0.18986248970032, 0.00659136381, 0.00940074026585, 0.17568831145763, 0.01420776173472, 0.03847927600145, 0.14762869477272, 0.02119366824627, 0.05457248166203, -0.39002171158791, 0.72653132677078, 0.26222056150436, -0.35956582427025, 0.68521624803543, 0.15950188040733, -0.35862982273102, 0.68939822912216, 0.13049055635929, -0.3701000213623, 0.71467065811157, 0.11220889538527, -0.39078623056412, 0.74044841527939, 0.11055946350098
0.46973702311516, -1.31029117107391, 0.04746257886291, -0.15297782421112, 0.72421193122864, 5.2847375869751, -0.56762754917145, 0.66412109136581, 0.22903993725777, -0.45122894644737, 1.47561800479889, 0.35635733604431, -1.04433488845825, 1.16641736030579, 0.17995390295982, 0, 0, 0, 0, 0, 0, -0.50972253084183, 0.76613074541092, 0.20947110652924, 0.44336166977882, 0.20171497762203, 2.61435413360596, 0.09689636528492, 0.05140437930822, -0.08581595867872, 0.18003033101559, 0.01057344861329, -0.01793964579701, 0.18986248970032, 0.00659136381, 0.00940074026585, 0.17568831145763, 0.01420776173472, 0.03847927600145, 0.14762869477272, 0.02119366824627, 0.05457248166203, -0.38718414306641, 0.72540652751923, 0.26163977384567, -0.35583579540253, 0.68486499786377, 0.15888138115406, -0.35514312982559, 0.68901616334915, 0.12985879182816, -0.36747354269028, 0.71387815475464, 0.11157432198524, -0.38896754384041, 0.73898839950562, 0.10995683073997
0.44883009791374, -1.15611064434052, 0.04895567521453, -0.21163132786751, 0.58345359563828, 4.51134014129639, -0.56286197900772, 0.65736830234528, 0.2292682826519, -0.45094132423401, 1.47555696964264, 0.35649871826172, -1.04521858692169, 1.16551733016968, 0.18027020990849, 0, 0, 0, 0, 0, 0, -0.50856494903564, 0.76131641864777, 0.20929825305939, 0.43586772680283, 0.2170138657093, 2.64290571212769, 0.09689636528492, 0.05140437930822, -0.08581595867872, 0.18003033101559, 0.01057344861329, -0.01793964579701, 0.18986248970032, 0.00659136381, 0.00940074026585, 0.17568831145763, 0.01420776173472, 0.03847927600145, 0.14762869477272, 0.02119366824627, 0.05457248166203, -0.38481590151787, 0.72399830818176, 0.26115590333939, -0.3527118563652, 0.68410664796829, 0.15837650001049, -0.35222136974335, 0.68821674585342, 0.12934395670891, -0.36527138948441, 0.71270233392715, 0.11105106025934, -0.38743630051613, 0.7372237443924, 0.10945361852646
0.4036760032177, -1.02215051651001, 0.04298328980803, -0.23358944058418, 0.46366995573044, 3.78170371055603, -0.55870515108109, 0.65120756626129, 0.22947242856026, -0.45071202516556, 1.47551655769348, 0.35664451122284, -1.04584407806396, 1.16484260559082, 0.18020834028721, 0, 0, 0, 0, 0, 0, -0.50750589370728, 0.75665295124054, 0.20913326740265, 0.42873907089233, 0.23016667366028, 2.66788625717163, 0.09689636528492, 0.05140437930822, -0.08581595867872, 0.18003033101559, 0.01057344861329, -0.01793964579701, 0.18986248970032, 0.00659136381, 0.00940074026585, 0.17568831145763, 0.01420776173472, 0.03847927600145, 0.14762869477272, 0.02119366824627, 0.05457248166203, -0.38276952505112, 0.72237873077393, 0.26072591543198, -0.35000297427177, 0.68305820226669, 0.15793552994728, -0.34968733787537, 0.68712210655212, 0.12889404594898, -0.36336264014244, 0.71125584840775, 0.11059032380581, -0.38610661029816, 0.73524206876755, 0.1090065985918
0.36123272776604, -0.92443937063217, 0.03615975007415, -0.23523506522179, 0.37765711545944, 3.22018790245056, -0.55496871471405, 0.64542663097382, 0.22965118288994, -0.45057663321495, 1.4755425453186, 0.35674750804901, -1.04595255851746, 1.16432440280914, 0.18037101626396, 0, 0, 0, 0, 0, 0, -0.50648319721222, 0.75206023454666, 0.2089751958847, 0.42169016599655, 0.24216470122337, 2.69103384017944, 0.09689636528492, 0.05140437930822, -0.08581595867872, 0.18003033101559, 0.01057344861329, -0.01793964579701, 0.18986248970032, 0.00659136381, 0.00940074026585, 0.17568831145763, 0.01420776173472, 0.03847927600145, 0.14762869477272, 0.02119366824627, 0.05457248166203, -0.38089340925217, 0.72065728902817, 0.26032435894012, -0.34751349687576, 0.68187212944031, 0.15752792358398, -0.3473584651947, 0.68588548898697, 0.12847812473774, -0.36160933971405, 0.70967477560043, 0.11016261577606, -0.38488283753395, 0.73314827680588, 0.10858969390392
0.33124205470085, -0.86066001653671, 0.0308775883168, -0.23051844537258, 0.32226553559303, 2.8430438041687, -0.55142068862915, 0.63985025882721, 0.22982066869736, -0.45045632123947, 1.47557950019836, 0.35686433315277, -1.04575479030609, 1.16354596614838, 0.18119792640209, 0, 0, 0, 0, 0, 0, -0.50633478164673, 0.75545674562454, 0.20799732208252, 0.43728247284889, 0.24625344574451, 2.70010352134705, 0.09689636528492, 0.05140437930822, -0.08581595867872, 0.18003033101559, 0.01057344861329, -0.01793964579701, 0.18986248970032, 0.00659136381, 0.00940074026585, 0.17568831145763, 0.01420776173472, 0.03847927600145, 0.14762869477272, 0.02119366824627, 0.05457248166203, -0.38059544563293, 0.72371119260788, 0.25876662135124, -0.34708762168884, 0.68683344125748, 0.15531192719936, -0.34695968031883, 0.69134420156479, 0.126335054636, -0.36131742596626, 0.71538311243057, 0.10843350738287, -0.38469049334526, 0.73878133296967, 0.10726917535067
0.32004830241203, -0.8279156088829, 0.02873003296554, -0.23028042912483, 0.29381701350212, 2.65775036811829, -0.55079013109207, 0.64271700382233, 0.22693075239658, -0.45034930109978, 1.47564792633057, 0.35697388648987, -1.04540169239044, 1.16318559646606, 0.18179349601269, 0, 0, 0, 0, 0, 0, -0.50589764118195, 0.75670516490936, 0.20712280273438, 0.44909933209419, 0.25285372138023, 2.71369123458862, 0.09689636528492, 0.05140437930822, -0.08581595867872, 0.18003033101559, 0.01057344861329, -0.01793964579701, 0.18986248970032, 0.00659136381, 0.00940074026585, 0.17568831145763, 0.01420776173472, 0.03847927600145, 0.14762869477272, 0.02119366824627, 0.05457248166203, -0.3798360824585, 0.72535854578018, 0.25733786821365, -0.34608554840088, 0.69028490781784, 0.15333615243435, -0.34602236747742, 0.69521570205688, 0.12442757189274, -0.36061018705368, 0.71938133239746, 0.10688627511263, -0.38419315218925, 0.74258309602737, 0.10607754439116
0.05614041909575, 0.34994599223137, -0.26821374893188, 2.05366706848145, 0.03745640441775, 0.5078901052475, -0.54932397603989, 0.64330840110779, 0.22445268929005, -0.45027032494545, 1.47570776939392, 0.35710489749908, -1.04460191726685, 1.16268265247345, 0.18310795724392, 0, 0, 0, 0, 0, 0, -0.50770545005798, 0.76051205396652, 0.20597529411316, 0.47934421896935, 0.23895393311977, 2.69212794303894, 0.09689636528492, 0.05140437930822, -0.08581595867872, 0.18003033101559, 0.01057344861329, -0.01793964579701, 0.18986248970032, 0.00659136381, 0.00940074026585, 0.17568831145763, 0.01420776173472, 0.03847927600145, 0.14762869477272, 0.02119366824627, 0.05457248166203, -0.38273221254349, 0.72465974092484, 0.25589507818222, -0.34943097829819, 0.69128370285034, 0.15119221806526, -0.34910762310028, 0.69692027568817, 0.12241467833519, -0.36298182606697, 0.72188234329224, 0.10541830956936, -0.38594955205917, 0.74570482969284, 0.10509020090103
0.13447523117065, 0.03660678490996, -0.22750495374203, 1.73793947696686, 0.0927662551403, 1.07682371139526, -0.55414474010468, 0.64789617061615, 0.22032971680164, -0.45009961724281, 1.47576773166656, 0.35725522041321, -1.04367434978485, 1.16234588623047, 0.18421277403831, 0, 0, 0, 0, 0, 0, -0.50939464569092, 0.76751232147217, 0.20601797103882, 0.50142043828964, 0.23025991022587, 2.67991280555725, 0.09689636528492, 0.05140437930822, -0.08581595867872, 0.18003033101559, 0.01057344861329, -0.01793964579701, 0.18986248970032, 0.00659136381, 0.00940074026585, 0.17568831145763, 0.01420776173472, 0.03847927600145, 0.14762869477272, 0.02119366824627, 0.05457248166203, -0.38515001535416, 0.72877091169357, 0.25559678673744, -0.35204970836639, 0.69686734676361, 0.15037249028683, -0.35154968500137, 0.70304220914841, 0.12170816957951, -0.36498066782951, 0.72853571176529, 0.10515014827251, -0.3875732421875, 0.75271642208099, 0.10521028935909
-0.4518127143383, 0.78159564733505, -0.41261312365532, 2.95677590370178, -0.508993268013, -3.1259753704071, -0.55762732028961, 0.65538477897644, 0.21810179948807, -0.44993889331818, 1.47583270072937, 0.35742175579071, -1.04262793064117, 1.16170108318329, 0.18541671335697, 0, 0, 0, 0, 0, 0, -0.51077556610107, 0.7741751074791, 0.20646345615387, 0.51721549034119, 0.22572967410088, 2.67469048500061, 0.09689636528492, 0.05140437930822, -0.08581595867872, 0.18003033101559, 0.01057344861329, -0.01793964579701, 0.18986248970032, 0.00659136381, 0.00940074026585, 0.17568831145763, 0.01420776173472, 0.03847927600145, 0.14762869477272, 0.02119366824627, 0.05457248166203, -0.38694617152214, 0.73373049497604, 0.25571992993355, -0.35388737916946, 0.70307523012161, 0.15011221170425, -0.3532794713974, 0.70965647697449, 0.12154053896666, -0.36647233366966, 0.7354918718338, 0.10532455146313, -0.38887089490891, 0.75984978675842, 0.10568848252296
-0.33855196833611, 1.0421347618103, -0.19798098504543, 2.27700591087341, -0.35305687785149, -1.87457740306854, -0.55992794036865, 0.66227644681931, 0.21684265136719, -0.44976264238358, 1.47593319416046, 0.35755693912506, -1.04168140888214, 1.16148245334625, 0.18609599769115, 0, 0, 0, 0, 0, 0, -0.51179909706116, 0.77910733222961, 0.20685923099518, 0.52915298938751, 0.22402176260948, 2.67409062385559, 0.09689636528492, 0.05140437930822, -0.08581595867872, 0.18003033101559, 0.01057344861329, -0.01793964579701, 0.18986248970032, 0.00659136381, 0.00940074026585, 0.17568831145763, 0.01420776173472, 0.03847927600145, 0.14762869477272, 0.02119366824627, 0.05457248166203, -0.38816854357719, 0.73770487308502, 0.25581845641136, -0.35505613684654, 0.70816332101822, 0.14991056919098, -0.35438671708107, 0.71507126092911, 0.12141751497984, -0.36747473478317, 0.74113351106644, 0.10548198223114, -0.38979667425156, 0.7655565738678, 0.10609543323517
-0.23370264470577, 0.90785259008408, -0.09518264979124, 1.72259593009949, -0.23803126811981, -0.96135777235031, -0.56131958961487, 0.66725319623947, 0.21587997674942, -0.44957435131073, 1.47606575489044, 0.35764944553375, -1.0407749414444, 1.16091096401215, 0.18708293139935, 0, 0, 0, 0, 0, 0, -0.51609992980957, 0.79307025671005, 0.20741295814514, 0.54630833864212, 0.20414192974567, 2.64342498779297, 0.09689636528492, 0.05140437930822, -0.08581595867872, 0.18003033101559, 0.01057344861329, -0.01793964579701, 0.18986248970032, 0.00659136381, 0.00940074026585, 0.17568831145763, 0.01420776173472, 0.03847927600145, 0.14762869477272, 0.02119366824627, 0.05457248166203, -0.39395132660866, 0.74750995635986, 0.25639927387238, -0.36126154661179, 0.71818542480469, 0.15029993653297, -0.36026614904404, 0.72538667917252, 0.12188912928104, -0.37251430749893, 0.75199776887894, 0.10619486868382, -0.39411219954491, 0.77705824375153, 0.10699300467968
-0.14899490773678, 0.63900941610336, -0.06863594055176, 1.38349163532257, -0.16911800205708, -0.38047593832016, -0.56892096996307, 0.68262708187103, 0.21497897803783, -0.44938969612122, 1.47620868682861, 0.35771989822388, -1.04012763500214, 1.16028094291687, 0.18823345005512, 0, 0, 0, 0, 0, 0, -0.51960122585297, 0.80307412147522, 0.20756471157074, 0.56321787834167, 0.18480287492275, 2.61465001106262, 0.09689636528492, 0.05140437930822, -0.08581595867872, 0.18003033101559, 0.01057344861329, -0.01793964579701, 0.18986248970032, 0.00659136381, 0.00940074026585, 0.17568831145763, 0.01420776173472, 0.03847927600145, 0.14762869477272, 0.02119366824627, 0.05457248166203, -0.39895266294479, 0.7536227107048, 0.25649496912956, -0.36661338806152, 0.7246715426445, 0.1501858830452, -0.36529892683029, 0.73217779397964, 0.12186715006828, -0.3767494559288, 0.75929659605026, 0.10644206404686, -0.39766001701355, 0.78492593765259, 0.10745203495026
-0.75708383321762, 2.06236839294434, -0.08006214350462, 1.33856105804443, -0.50024950504303, -3.52405524253845, -0.57544320821762, 0.69403177499771, 0.2136016190052, -0.44916328787804, 1.47634124755859, 0.35780215263367, -1.03944289684296, 1.1598836183548, 0.18897475302219, 0, 0, 0, 0, 0, 0, -0.52210378646851, 0.80964940786362, 0.20757794380188, 0.57621854543686, 0.17053024470806, 2.59422469139099, 0.09689636528492, 0.05140437930822, -0.08581595867872, 0.18003033101559, 0.01057344861329, -0.01793964579701, 0.18986248970032, 0.00659136381, 0.00940074026585, 0.17568831145763, 0.01420776173472, 0.03847927600145, 0.14762869477272, 0.02119366824627, 0.05457248166203, -0.4025918841362, 0.75741237401962, 0.25640299916267, -0.37045896053314, 0.72887945175171, 0.14991840720177, -0.36890572309494, 0.73663401603699, 0.12167879939079, -0.3797815144062, 0.76411682367325, 0.10648372769356, -0.4001992046833, 0.79013270139694, 0.10767836868763
-0.63267225027084, 1.56843411922455, -0.13066291809082, 1.42317032814026, -0.50152069330215, -3.27123284339905, -0.58004987239838, 0.70164811611176, 0.2123709321022, -0.44892597198486, 1.47647571563721, 0.3578554391861, -1.03896224498749, 1.15994119644165, 0.18929992616177, 0, 0, 0, 0, 0, 0, -0.52409571409225, 0.81422281265259, 0.20739436149597, 0.58882564306259, 0.15759310126305, 2.57649254798889, 0.09689636528492, 0.05140437930822, -0.08581595867872, 0.18003033101559, 0.01057344861329, -0.01793964579701, 0.18986248970032, 0.00659136381, 0.00940074026585, 0.17568831145763, 0.01420776173472, 0.03847927600145, 0.14762869477272, 0.02119366824627, 0.05457248166203, -0.40563026070595, 0.7595140337944, 0.25606226921082, -0.37362936139107, 0.73151439428329, 0.14939650893211, -0.37185499072075, 0.73952376842499, 0.12124115973711, -0.38222199678421, 0.76733464002609, 0.1062892973423, -0.40220746397972, 0.79367423057556, 0.10768193006516
-0.44335123896599, 1.05440855026245, -0.11592327803373, 1.17115342617035, -0.39073106646538, -2.30835294723511, -0.58384740352631, 0.7071607708931, 0.21092270314693, -0.44872581958771, 1.4765796661377, 0.35799908638, -1.03865921497345, 1.15969622135162, 0.18956710398197, 0, 0, 0, 0, 0, 0, -0.5242914557457, 0.82543814182281, 0.20706462860107, 0.59132063388824, 0.13620851933956, 2.54122281074524, 0.09689636528492, 0.05140437930822, -0.08581595867872, 0.18003033101559, 0.01057344861329, -0.01793964579701, 0.18986248970032, 0.00659136381, 0.00940074026585, 0.17568831145763, 0.01420776173472, 0.03847927600145, 0.14762869477272, 0.02119366824627, 0.05457248166203, -0.40756726264954, 0.76736611127853, 0.25604200363159, -0.37621739506721, 0.73824232816696, 0.14948397874832, -0.37415996193886, 0.74614417552948, 0.12131751328707, -0.38368031382561, 0.77421963214874, 0.10629726946354, -0.40288639068604, 0.80113703012466, 0.10760694742203
-0.35814282298088, 0.7837843298912, -0.13848602771759, 1.20268929004669, -0.38195708394051, -2.0009708404541, -0.58716595172882, 0.72018253803253, 0.21067854762077, -0.44851937890053, 1.47672653198242, 0.35813868045807, -1.03861498832703, 1.15971851348877, 0.18958462774754, 0, 0, 0, 0, 0, 0, -0.52499103546143, 0.83348274230957, 0.20688629150391, 0.59358793497086, 0.11656201630831, 2.50918960571289, 0.09689636528492, 0.05140437930822, -0.08581595867872, 0.18003033101559, 0.01057344861329, -0.01793964579701, 0.18986248970032, 0.00659136381, 0.00940074026585, 0.17568831145763, 0.01420776173472, 0.03847927600145, 0.14762869477272, 0.02119366824627, 0.05457248166203, -0.40994119644165, 0.77237647771835, 0.25613301992416, -0.37919276952744, 0.74230808019638, 0.14966216683388, -0.37687641382217, 0.75012063980103, 0.12149088084698, -0.38561913371086, 0.77842289209366, 0.1064235419035, -0.4041034579277, 0.80584388971329, 0.10767018049955
-0.22818087041378, 1.74265611171722, -0.05063473805785, -0.21850077807903, -0.21095348894596, -3.52206587791443, -0.59065395593643, 0.72994387149811, 0.21050214767456, -0.44827505946159, 1.47681212425232, 0.3582751750946, -1.03827691078186, 1.15959632396698, 0.18986865878105, 0, 0, 0, 0, 0, 0, -0.52625834941864, 0.83980160951614, 0.20676982402802, 0.59624594449997, 0.09358457475901, 2.47219705581665, 0.09689636528492, 0.05140437930822, -0.08581595867872, 0.18003033101559, 0.01057344861329, -0.01793964579701, 0.18986248970032, 0.00659136381, 0.00940074026585, 0.17568831145763, 0.01420776173472, 0.03847927600145, 0.14762869477272, 0.02119366824627, 0.05457248166203, -0.41325172781944, 0.77521729469299, 0.25630819797516, -0.3832044005394, 0.74415349960327, 0.14992299675941, -0.38058602809906, 0.75187408924103, 0.1217528283596, -0.38842082023621, 0.78042262792587, 0.10665069520473, -0.40605616569519, 0.80839961767197, 0.10784101486206
-0.2593731880188, 1.33127677440643, -0.03829478845, -0.13206502795219, -0.21088515222073, -3.19644904136658, -0.59508115053177, 0.73833239078522, 0.21029323339462, -0.44804114103317, 1.47690582275391, 0.3583790063858, -1.03790998458862, 1.15993106365204, 0.18963876366615, 0, 0, 0, 0, 0, 0, -0.52733623981476, 0.84463256597519, 0.20669519901276, 0.59836202859879, 0.07623000442982, 2.44465517997742, 0.09689636528492, 0.05140437930822, -0.08581595867872, 0.18003033101559, 0.01057344861329, -0.01793964579701, 0.18986248970032, 0.00659136381, 0.00940074026585, 0.17568831145763, 0.01420776173472, 0.03847927600145, 0.14762869477272, 0.02119366824627, 0.05457248166203, -0.41592872142792, 0.77747315168381, 0.25643107295036, -0.38640114665031, 0.74574685096741, 0.15009580552578, -0.3835543692112, 0.7534099817276, 0.12193209677935, -0.39070606231689, 0.78213256597519, 0.10682106018066, -0.40769922733307, 0.81050533056259, 0.10798409581184
-0.34197089076042, 1.18690955638886, -0.04173338040709, -0.06842664629221, -0.26915237307549, -3.68889212608337, -0.59846794605255, 0.74476319551468, 0.21007037162781, -0.44784727692604, 1.47701120376587, 0.35849285125732, -1.03766107559204, 1.16026866436005, 0.18966659903526, 0, 0, 0, 0, 0, 0, -0.52626848220825, 0.85509037971497, 0.20617055892944, 0.58937740325928, 0.04557817801833, 2.39513921737671, 0.09689636528492, 0.05140437930822, -0.08581595867872, 0.18003033101559, 0.01057344861329, -0.01793964579701, 0.18986248970032, 0.00659136381, 0.00940074026585, 0.17568831145763, 0.01420776173472, 0.03847927600145, 0.14762869477272, 0.02119366824627, 0.05457248166203, -0.41780155897141, 0.78406393527985, 0.25702178478241, -0.38929271697998, 0.74994826316833, 0.15114930272102, -0.38606232404709, 0.75716519355774, 0.12290921807289, -0.39200633764267, 0.78597718477249, 0.1074490994215, -0.40784186124802, 0.81502461433411, 0.10823471844196
-0.26170492172241, 0.90296739339828, -0.03632068261504, 0.02119343727827, -0.22371046245098, -2.74535441398621, -0.60138750076294, 0.75822067260742, 0.21045859158039, -0.44769728183746, 1.47712111473084, 0.35861587524414, -1.03714382648468, 1.16087710857391, 0.18905673921108, 0, 0, 0, 0, 0, 0, -0.52640604972839, 0.8636976480484, 0.20596694946289, 0.57863909006119, 0.01230728439987, 2.34110426902771, 0.09689636528492, 0.05140437930822, -0.08581595867872, 0.18003033101559, 0.01057344861329, -0.01793964579701, 0.18986248970032, 0.00659136381, 0.00940074026585, 0.17568831145763, 0.01420776173472, 0.03847927600145, 0.14762869477272, 0.02119366824627, 0.05457248166203, -0.42138975858688, 0.78851348161697, 0.25806879997253, -0.39409753680229, 0.751877784729, 0.15271899104118, -0.39045697450638, 0.75860059261322, 0.12440694868565, -0.39505609869957, 0.78746020793915, 0.10858142375946, -0.40957826375961, 0.81719398498535, 0.10896054655313
-0.08828400820494, 1.81861627101898, -0.04256665334105, -1.37524974346161, -0.35276162624359, -4.84991073608398, -0.60579836368561, 0.77034246921539, 0.21113164722919, -0.44756671786308, 1.47720754146576, 0.35871958732605, -1.03647136688232, 1.16179716587067, 0.18816801905632, 0, 0, 0, 0, 0, 0, -0.52680349349976, 0.87061023712158, 0.20585501194, 0.56929713487625, -0.01453858148307, 2.29731202125549, 0.09689636528492, 0.05140437930822, -0.08581595867872, 0.18003033101559, 0.01057344861329, -0.01793964579701, 0.18986248970032, 0.00659136381, 0.00940074026585, 0.17568831145763, 0.01420776173472, 0.03847927600145, 0.14762869477272, 0.02119366824627, 0.05457248166203, -0.42477548122406, 0.79210698604584, 0.25898885726929, -0.39854490756989, 0.75350898504257, 0.15407094359398, -0.39457762241364, 0.7598283290863, 0.12570989131927, -0.39806604385376, 0.78868824243546, 0.10960356891155, -0.41148549318314, 0.81893801689148, 0.10966093093157
-0.2291035503149, 1.66761147975922, -0.01649737358093, -1.4443826675415, -0.41660755872726, -5.37027406692505, -0.6095911860466, 0.78028917312622, 0.21162530779839, -0.44745188951492, 1.47730565071106, 0.35884606838226, -1.0356137752533, 1.16259360313416, 0.18708528578281, 0, 0, 0, 0, 0, 0, -0.52754867076874, 0.87676548957825, 0.20581221580505, 0.55947190523148, -0.04131761565804, 2.25350761413574, 0.09689636528492, 0.05140437930822, -0.08581595867872, 0.18003033101559, 0.01057344861329, -0.01793964579701, 0.18986248970032, 0.00659136381, 0.00940074026585, 0.17568831145763, 0.01420776173472, 0.03847927600145, 0.14762869477272, 0.02119366824627, 0.05457248166203, -0.42868733406067, 0.79498964548111, 0.25998628139496, -0.40358018875122, 0.75451481342316, 0.15550163388252, -0.39928990602493, 0.76043087244034, 0.12710064649582, -0.40164893865585, 0.78925704956055, 0.11073109507561, -0.41393157839775, 0.8199850320816, 0.11047756671906
-0.20077942311764, 1.35872828960419, -0.01882374100387, -1.11601424217224, -0.36778348684311, -4.41442346572876, -0.61366355419159, 0.78964513540268, 0.21207956969738, -0.44730925559998, 1.4773862361908, 0.35893070697784, -1.03486931324005, 1.16376864910126, 0.18612243235111, 0, 0, 0, 0, 0, 0, -0.52310538291931, 0.89099252223969, 0.20715594291687, 0.54092055559158, -0.06447631120682, 2.20601487159729, 0.09689636528492, 0.05140437930822, -0.08581595867872, 0.18003033101559, 0.01057344861329, -0.01793964579701, 0.18986248970032, 0.00659136381, 0.00940074026585, 0.17568831145763, 0.01420776173472, 0.03847927600145, 0.14762869477272, 0.02119366824627, 0.05457248166203, -0.42760360240936, 0.80608940124512, 0.26253238320351, -0.4044035077095, 0.76290774345398, 0.15869253873825, -0.39992934465408, 0.76817613840103, 0.1301925778389, -0.4011265039444, 0.79680395126343, 0.11335534602404, -0.4121276140213, 0.82800590991974, 0.11261402070522
-0.22422550618649, 1.28087985515594, -0.02202272228897, -1.05425071716309, -0.4013777077198, -4.47217464447021, -0.61273872852325, 0.80762678384781, 0.21496732532978, -0.44708722829819, 1.47741484642029, 0.35899424552917, -1.03384506702423, 1.16491544246674, 0.18526963889599, 0, 0, 0, 0, 0, 0, -0.52052557468414, 0.90218335390091, 0.2081493139267, 0.52347892522812, -0.08576335012913, 2.16202735900879, 0.09689636528492, 0.05140437930822, -0.08581595867872, 0.18003033101559, 0.01057344861329, -0.01793964579701, 0.18986248970032, 0.00659136381, 0.00940074026585, 0.17568831145763, 0.01420776173472, 0.03847927600145, 0.14762869477272, 0.02119366824627, 0.05457248166203, -0.42834225296974, 0.81442391872406, 0.26468425989151, -0.40698486566544, 0.76886487007141, 0.16146676242352, -0.40234589576721, 0.77353996038437, 0.13288974761963, -0.40244540572166, 0.80194520950317, 0.11563837528229, -0.41221949458122, 0.83353936672211, 0.11445108056068
0.40044304728508, 2.30754351615906, 0.23808000981808, -1.96582663059235, 0.20119179785252, -4.96939373016357, -0.61333847045898, 0.82250839471817, 0.21724116802216, -0.44691875576973, 1.47740268707275, 0.35908222198486, -1.03277230262756, 1.16598987579346, 0.18434435129166, 0, 0, 0, 0, 0, 0, -0.51885497570038, 0.91088950634003, 0.20878827571869, 0.51038998365402, -0.10171846300364, 2.12905406951904, 0.09689636528492, 0.05140437930822, -0.08581595867872, 0.18003033101559, 0.01057344861329, -0.01793964579701, 0.18986248970032, 0.00659136381, 0.00940074026585, 0.17568831145763, 0.01420776173472, 0.03847927600145, 0.14762869477272, 0.02119366824627, 0.05457248166203, -0.42929592728615, 0.82101476192474, 0.26621121168137, -0.40935495495796, 0.77377545833588, 0.16346675157547, -0.40459305047989, 0.77801465988159, 0.13484200835228, -0.40385583043098, 0.80623036623001, 0.11729757487774, -0.4126860499382, 0.83808743953705, 0.11578516662121
0.20789621770382, 1.91646325588226, 0.17223535478115, -1.74540138244629, 0.12445046007633, -4.69276857376099, -0.6139931678772, 0.83411031961441, 0.2187217772007, -0.44672635197639, 1.47738695144653, 0.35915124416351, -1.03184592723846, 1.16723251342773, 0.18352617323399, 0, 0, 0, 0, 0, 0, -0.51778447628021, 0.91825985908508, 0.20925045013428, 0.4988617002964, -0.11594074964523, 2.09980487823486, 0.09689636528492, 0.05140437930822, -0.08581595867872, 0.18003033101559, 0.01057344861329, -0.01793964579701, 0.18986248970032, 0.00659136381, 0.00940074026585, 0.17568831145763, 0.01420776173472, 0.03847927600145, 0.14762869477272, 0.02119366824627, 0.05457248166203, -0.43065503239632, 0.82652765512466, 0.26746851205826, -0.41198620200157, 0.77788293361664, 0.16514168679714, -0.40711385011673, 0.78174483776093, 0.13648217916489, -0.40562415122986, 0.80977749824524, 0.11869372427464, -0.41360062360764, 0.84184467792511, 0.11690326035023
0.13868808746338, 1.4849351644516, 0.10321139544249, -1.24148547649384, 0.0410673469305, -3.5711772441864, -0.61493849754333, 0.84413731098175, 0.21983109414577, -0.44656258821487, 1.47738587856293, 0.35920822620392, -1.03094983100891, 1.16866898536682, 0.18249028921127, 0, 0, 0, 0, 0, 0, -0.51804143190384, 0.91601771116257, 0.20933306217194, 0.49220192432404, -0.12986412644386, 2.06684231758118, 0.09689636528492, 0.05140437930822, -0.08581595867872, 0.18003033101559, 0.01057344861329, -0.01793964579701, 0.18986248970032, 0.00659136381, 0.00940074026585, 0.17568831145763, 0.01420776173472, 0.03847927600145, 0.14762869477272, 0.02119366824627, 0.05457248166203, -0.43355986475945, 0.8219239115715, 0.26768460869789, -0.41652232408524, 0.77243840694427, 0.16547635197639, -0.41158935427666, 0.77606767416, 0.13679683208466, -0.40930283069611, 0.80399000644684, 0.11891962587833, -0.41633021831512, 0.83627361059189, 0.11704403162003
0.08464335650206, 1.28162372112274, 0.06851255893707, -1.04158246517181, -0.00957687571645, -3.2050416469574, -0.61732685565948, 0.84483510255814, 0.22030763328075, -0.44640734791756, 1.47737991809845, 0.35927855968475, -1.03004395961761, 1.17048168182373, 0.18077884614468, 0, 0, 0, 0, 0, 0, -0.51816356182098, 0.91628760099411, 0.20943546295166, 0.48566824197769, -0.14232455193996, 2.03798198699951, 0.09689636528492, 0.05140437930822, -0.08581595867872, 0.18003033101559, 0.01057344861329, -0.01793964579701, 0.18986248970032, 0.00659136381, 0.00940074026585, 0.17568831145763, 0.01420776173472, 0.03847927600145, 0.14762869477272, 0.02119366824627, 0.05457248166203, -0.43610286712646, 0.82019412517548, 0.26798257231712, -0.42047995328903, 0.76997381448746, 0.16590681672096, -0.41548639535904, 0.77338689565659, 0.13721120357513, -0.41249147057533, 0.80118614435196, 0.11924709379673, -0.41867518424988, 0.83363658189774, 0.11728110909462
-0.0688362121582, 0.17952917516232, 0.04038154706359, -0.36642122268677, 0.21011160314083, -3.55067086219788, -0.61926221847534, 0.84775674343109, 0.22073051333427, -0.44622996449471, 1.47734928131104, 0.35934913158417, -1.02945446968079, 1.17205917835236, 0.17937019467354, 0, 0, 0, 0, 0, 0, -0.5182089805603, 0.9177924990654, 0.20954275131226, 0.47885167598724, -0.1543485969305, 2.010586977005, 0.09689636528492, 0.05140437930822, -0.08581595867872, 0.18003033101559, 0.01057344861329, -0.01793964579701, 0.18986248970032, 0.00659136381, 0.00940074026585, 0.17568831145763, 0.01420776173472, 0.03847927600145, 0.14762869477272, 0.02119366824627, 0.05457248166203, -0.43853479623795, 0.81986141204834, 0.26834073662758, -0.42424631118774, 0.76894521713257, 0.16641427576542, -0.41918963193893, 0.7721421122551, 0.13770481944084, -0.41551339626312, 0.79980111122131, 0.11965095996857, -0.42088508605957, 0.83238971233368, 0.11758634448051
-0.03665685281157, 0.42896029353142, 0.03145694732666, -0.3619741499424, 0.13151189684868, -3.1361837387085, -0.62098163366318, 0.85184735059738, 0.22111940383911, -0.44602438807487, 1.47727108001709, 0.35944306850433, -1.028977394104, 1.17326653003693, 0.17803773283958, 0, 0, 0, 0, 0, 0, -0.51818978786469, 0.92005687952042, 0.20964956283569, 0.47149243950844, -0.16643823683262, 1.98333537578583, 0.09689636528492, 0.05140437930822, -0.08581595867872, 0.18003033101559, 0.01057344861329, -0.01793964579701, 0.18986248970032, 0.00659136381, 0.00940074026585, 0.17568831145763, 0.01420776173472, 0.03847927600145, 0.14762869477272, 0.02119366824627, 0.05457248166203, -0.440973341465, 0.82035702466965, 0.26875326037407, -0.42800989747047, 0.76875323057175, 0.1669956445694, -0.4228866994381, 0.77172482013702, 0.13827380537987, -0.41852515935898, 0.79922151565552, 0.12012481689453, -0.42307829856873, 0.83192747831345, 0.11795125901699
-0.01641511917114, 0.56036710739136, 0.02461015991867, -0.3781251013279, 0.08175949752331, -2.99827313423157, -0.62257999181747, 0.85675120353699, 0.22148478031158, -0.44575211405754, 1.4772002696991, 0.35949897766113, -1.02889919281006, 1.17482960224152, 0.17646057903767, 0, 0, 0, 0, 0, 0, -0.51815485954285, 0.91855615377426, 0.21018445491791, 0.47076576948166, -0.17566421627998, 1.96750712394714, 0.09689636528492, 0.05140437930822, -0.08581595867872, 0.18003033101559, 0.01057344861329, -0.01793964579701, 0.18986248970032, 0.00659136381, 0.00940074026585, 0.17568831145763, 0.01420776173472, 0.03847927600145, 0.14762869477272, 0.02119366824627, 0.05457248166203, -0.44246527552605, 0.81768476963043, 0.26927530765533, -0.43001765012741, 0.76607424020767, 0.16745668649673, -0.42479434609413, 0.76902174949646, 0.13875037431717, -0.42001050710678, 0.7964848279953, 0.12065701186657, -0.42410019040108, 0.82925498485565, 0.11852978914976
0.00116586673539, 0.65275663137436, 0.01871824078262, -0.40781676769257, 0.04551527276635, -3.01570868492126, -0.62344640493393, 0.85670083761215, 0.22170020639896, -0.4454633295536, 1.47705066204071, 0.35958278179169, -1.02914226055145, 1.17583179473877, 0.17522966861725, 0, 0, 0, 0, 0, 0, -0.51808965206146, 0.91798979043961, 0.21059107780457, 0.46901676058769, -0.18392713367939, 1.95275747776031, 0.09689636528492, 0.05140437930822, -0.08581595867872, 0.18003033101559, 0.01057344861329, -0.01793964579701, 0.18986248970032, 0.00659136381, 0.00940074026585, 0.17568831145763, 0.01420776173472, 0.03847927600145, 0.14762869477272, 0.02119366824627, 0.05457248166203, -0.44383728504181, 0.81608760356903, 0.26973670721054, -0.43191295862198, 0.76437985897064, 0.16790482401848, -0.42660543322563, 0.76727563142776, 0.13920870423317, -0.42142936587334, 0.79468417167664, 0.12114054709673, -0.42508107423782, 0.82750695943832, 0.11902788281441
0.01005649473518, 0.03639936074615, 0.03337025642395, 0.20211824774742, -0.24482616782188, -1.68056619167328, -0.62420976161957, 0.85752809047699, 0.22190076112747, -0.44511076807976, 1.47690391540527, 0.35964453220367, -1.02960550785065, 1.17682111263275, 0.17458063364029, 0, 0, 0, 0, 0, 0, -0.51788914203644, 0.91768574714661, 0.21103203296661, 0.46682757139206, -0.19100345671177, 1.93975210189819, 0.09689636528492, 0.05140437930822, -0.08581595867872, 0.18003033101559, 0.01057344861329, -0.01793964579701, 0.18986248970032, 0.00659136381, 0.00940074026585, 0.17568831145763, 0.01420776173472, 0.03847927600145, 0.14762869477272, 0.02119366824627, 0.05457248166203, -0.44491726160049, 0.81491327285767, 0.27026551961899, -0.43348124623299, 0.76306879520416, 0.16844710707664, -0.42810517549515, 0.76590186357498, 0.13975748419762, -0.42258384823799, 0.79324746131897, 0.12169613689184, -0.42584502696991, 0.82611107826233, 0.11957969516516
0.0158429145813, 0.1355767250061, 0.02484082989395, 0.07566916942596, -0.18980753421783, -1.58727192878723, -0.6247296333313, 0.85848164558411, 0.22221209108829, -0.44479981064796, 1.476726770401, 0.35969090461731, -1.03011131286621, 1.17767143249512, 0.17353656888008, 0, 0, 0, 0, 0, 0, -0.51750886440277, 0.91751509904861, 0.21152031421661, 0.46480944752693, -0.19631189107895, 1.92978608608246, 0.09689636528492, 0.05140437930822, -0.08581595867872, 0.18003033101559, 0.01057344861329, -0.01793964579701, 0.18986248970032, 0.00659136381, 0.00940074026585, 0.17568831145763, 0.01420776173472, 0.03847927600145, 0.14762869477272, 0.02119366824627, 0.05457248166203, -0.44552716612816, 0.81409698724747, 0.27084159851074, -0.4344801902771, 0.76212280988693, 0.16904640197754, -0.42905461788177, 0.76489889621735, 0.14036053419113, -0.42326897382736, 0.79218810796738, 0.12229659408331, -0.42622837424278, 0.82507956027985, 0.12016879022121
0.03328084945679, 0.14426706731319, 0.03440201282501, 0.0016697574174, -0.14539867639542, -1.41821277141571, -0.6248944401741, 0.85929155349731, 0.22262689471245, -0.4444944858551, 1.47655415534973, 0.35974538326263, -1.03075504302979, 1.17834544181824, 0.17277628183365, 0, 0, 0, 0, 0, 0, -0.5179762840271, 0.91294139623642, 0.21226620674133, 0.46409049630165, -0.19765712320805, 1.92926204204559, 0.09689636528492, 0.05140437930822, -0.08581595867872, 0.18003033101559, 0.01057344861329, -0.01793964579701, 0.18986248970032, 0.00659136381, 0.00940074026585, 0.17568831145763, 0.01420776173472, 0.03847927600145, 0.14762869477272, 0.02119366824627, 0.05457248166203, -0.44612261652946, 0.80951654911041, 0.2717307806015, -0.43499380350113, 0.75747328996658, 0.1699797809124, -0.42953476309776, 0.76022851467133, 0.14129826426506, -0.42371267080307, 0.78750312328339, 0.12322404980659, -0.42664992809296, 0.82039505243301, 0.12107280641794
0.05413055047393, 0.11878966540098, 0.04564761742949, -0.03196278586984, -0.10009661316872, -1.09741902351379, -0.62540906667709, 0.85478907823563, 0.22328920662403, -0.44419944286346, 1.47640407085419, 0.35978472232819, -1.03138661384583, 1.17916107177734, 0.17200833559036, 0, 0, 0, 0, 0, 0, -0.5183345079422, 0.9086622595787, 0.21308410167694, 0.46304914355278, -0.19947044551373, 1.92747151851654, 0.09689636528492, 0.05140437930822, -0.08581595867872, 0.18003033101559, 0.01057344861329, -0.01793964579701, 0.18986248970032, 0.00659136381, 0.00940074026585, 0.17568831145763, 0.01420776173472, 0.03847927600145, 0.14762869477272, 0.02119366824627, 0.05457248166203, -0.44672486186028, 0.80515205860138, 0.27269425988197, -0.43558549880981, 0.75301730632782, 0.17099127173424, -0.43009254336357, 0.75574260950089, 0.14231336116791, -0.42420375347137, 0.78299403190613, 0.12422584742308, -0.42708039283752, 0.81588959693909, 0.12204846739769
-0.05431651696563, -0.54035425186157, 0.07197796553373, -0.08073964715004, -0.1462365090847, -0.08015361428261, -0.62588149309158, 0.8507085442543, 0.22403916716576, -0.44387698173523, 1.47615051269531, 0.35984003543854, -1.03165519237518, 1.17926728725433, 0.17189931869507, 0, 0, 0, 0, 0, 0, -0.51853024959564, 0.90537548065186, 0.21382963657379, 0.46143347024918, -0.20218366384506, 1.92405760288239, 0.09689636528492, 0.05140437930822, -0.08581595867872, 0.18003033101559, 0.01057344861329, -0.01793964579701, 0.18986248970032, 0.00659136381, 0.00940074026585, 0.17568831145763, 0.01420776173472, 0.03847927600145, 0.14762869477272, 0.02119366824627, 0.05457248166203, -0.44733527302742, 0.80168658494949, 0.27362570166588, -0.43624800443649, 0.74941599369049, 0.17198674380779, -0.43071192502975, 0.75209510326385, 0.14331278204918, -0.42471125721931, 0.77930921316147, 0.12520582973957, -0.42747619748116, 0.81221199035645, 0.12299306690693
-0.04021167382598, -0.48714634776115, 0.08201836794615, -0.07397998124361, -0.10374164581299, -0.19671365618706, -0.62628185749054, 0.84778940677643, 0.22471277415752, -0.44356423616409, 1.47594523429871, 0.35988807678223, -1.03206241130829, 1.17938947677612, 0.1717826873064, 0, 0, 0, 0, 0, 0, -0.51859879493713, 0.9031867980957, 0.2144558429718, 0.45906656980515, -0.20604997873306, 1.91858434677124, 0.09689636528492, 0.05140437930822, -0.08581595867872, 0.18003033101559, 0.01057344861329, -0.01793964579701, 0.18986248970032, 0.00659136381, 0.00940074026585, 0.17568831145763, 0.01420776173472, 0.03847927600145, 0.14762869477272, 0.02119366824627, 0.05457248166203, -0.4480382502079, 0.7992028594017, 0.27449107170105, -0.43708175420761, 0.74673956632614, 0.17293727397919, -0.43149054050446, 0.74935132265091, 0.14426779747009, -0.42532026767731, 0.77650928497314, 0.12613359093666, -0.42790821194649, 0.80942326784134, 0.12387342005968
-0.01895427517593, -0.34484621882439, 0.07033288478851, -0.11735267937183, -0.14411817491055, -0.39714395999908, -0.62666857242584, 0.84618502855301, 0.22525994479656, -0.44319638609886, 1.47571420669556, 0.35992908477783, -1.03247809410095, 1.17947065830231, 0.17169444262981, 0, 0, 0, 0, 0, 0, -0.52032339572906, 0.89557403326035, 0.21469748020172, 0.46109455823898, -0.20225055515766, 1.9259181022644, 0.09689636528492, 0.05140437930822, -0.08581595867872, 0.18003033101559, 0.01057344861329, -0.01793964579701, 0.18986248970032, 0.00659136381, 0.00940074026585, 0.17568831145763, 0.01420776173472, 0.03847927600145, 0.14762869477272, 0.02119366824627, 0.05457248166203, -0.44901993870735, 0.79203647375107, 0.27462637424469, -0.43775993585587, 0.73971563577652, 0.17303229868412, -0.43220239877701, 0.74238431453705, 0.14436151087284, -0.42622807621956, 0.76959574222565, 0.12624178826809, -0.42904245853424, 0.80249261856079, 0.12400458753109
-0.00114440906327, -0.18350599706173, 0.05186497792602, -0.16218648850918, -0.17627036571503, -0.64531177282333, -0.62799447774887, 0.8378267288208, 0.22552266716957, -0.44277811050415, 1.4754935503006, 0.35996413230896, -1.03300380706787, 1.17910778522491, 0.17219491302967, 0, 0, 0, 0, 0, 0, -0.52141135931015, 0.88944065570831, 0.21498048305511, 0.4641372859478, -0.19625540077686, 1.93739700317383, 0.09689636528492, 0.05140437930822, -0.08581595867872, 0.18003033101559, 0.01057344861329, -0.01793964579701, 0.18986248970032, 0.00659136381, 0.00940074026585, 0.17568831145763, 0.01420776173472, 0.03847927600145, 0.14762869477272, 0.02119366824627, 0.05457248166203, -0.44895458221436, 0.78661334514618, 0.27474874258041, -0.43722605705261, 0.73451161384583, 0.17309507727623, -0.43172246217728, 0.73726654052734, 0.14442202448845, -0.42605471611023, 0.76455724239349, 0.12632310390472, -0.4292219877243, 0.79742437601089, 0.12411971390247
-0.21451233327389, -1.01733684539795, 0.03795504197478, 0.07792311906815, 0.06483189761639, 0.81402534246445, -0.62845057249069, 0.83053743839264, 0.22584393620491, -0.44232162833214, 1.47526383399963, 0.35998165607452, -1.03378963470459, 1.17879378795624, 0.17294028401375, 0, 0, 0, 0, 0, 0, -0.52205330133438, 0.8849231004715, 0.2152681350708, 0.46673002839088, -0.19080936908722, 1.94772338867188, 0.09689636528492, 0.05140437930822, -0.08581595867872, 0.18003033101559, 0.01057344861329, -0.01793964579701, 0.18986248970032, 0.00659136381, 0.00940074026585, 0.17568831145763, 0.01420776173472, 0.03847927600145, 0.14762869477272, 0.02119366824627, 0.05457248166203, -0.44856876134872, 0.78274703025818, 0.27489829063416, -0.4364258646965, 0.73083764314651, 0.17319494485855, -0.43097218871117, 0.73366689682007, 0.14451959729195, -0.42558020353317, 0.76102441549301, 0.12643721699715, -0.42906314134598, 0.7938614487648, 0.12426180392504
-0.14094829559326, -0.89801067113876, 0.04812597855926, 0.11412907391787, 0.10480162501335, 1.28239619731903, -0.62851595878601, 0.82499158382416, 0.22617247700691, -0.44195833802223, 1.47508180141449, 0.36002540588379, -1.03510200977325, 1.17782616615295, 0.17369222640991, 0, 0, 0, 0, 0, 0, -0.52244961261749, 0.88170206546783, 0.21554374694824, 0.46833369135857, -0.18718031048775, 1.95453488826752, 0.09689636528492, 0.05140437930822, -0.08581595867872, 0.18003033101559, 0.01057344861329, -0.01793964579701, 0.18986248970032, 0.00659136381, 0.00940074026585, 0.17568831145763, 0.01420776173472, 0.03847927600145, 0.14762869477272, 0.02119366824627, 0.05457248166203, -0.44829213619232, 0.77996337413788, 0.27508851885796, -0.43588078022003, 0.72817492485046, 0.17335583269596, -0.4304610490799, 0.73105078935623, 0.14467868208885, -0.42525094747543, 0.75844931602478, 0.12660518288612, -0.42894101142883, 0.79126477241516, 0.12444599717855
-0.08489369601011, -0.68733924627304, 0.04748403653502, 0.09262792021036, 0.09757510572672, 1.14929270744324, -0.62852811813354, 0.8210991024971, 0.22648143768311, -0.44157728552818, 1.47489953041077, 0.36001896858215, -1.03631103038788, 1.17747259140015, 0.17412038147449, 0, 0, 0, 0, 0, 0, -0.52484261989594, 0.86953103542328, 0.2141786813736, 0.47104981541634, -0.17233777046204, 1.98272466659546, 0.09689636528492, 0.05140437930822, -0.08581595867872, 0.18003033101559, 0.01057344861329, -0.01793964579701, 0.18986248970032, 0.00659136381, 0.00940074026585, 0.17568831145763, 0.01420776173472, 0.03847927600145, 0.14762869477272, 0.02119366824627, 0.05457248166203, -0.44802069664001, 0.76980459690094, 0.27374976873398, -0.43451696634293, 0.71815764904022, 0.17208436131477, -0.42923054099083, 0.72111618518829, 0.14339074492455, -0.42475020885468, 0.74860394001007, 0.12525713443756, -0.42927104234695, 0.78131192922592, 0.12304680049419
-0.05199193581939, -0.48202511668205, 0.04189252480865, 0.05211421847343, 0.06725452840328, 0.75467747449875, -0.62933641672134, 0.80629312992096, 0.22544850409031, -0.44123423099518, 1.47469735145569, 0.3600447177887, -1.03721344470978, 1.17687463760376, 0.17464289069176, 0, 0, 0, 0, 0, 0, -0.52665317058563, 0.86093020439148, 0.21324217319489, 0.47217056155205, -0.16487088799477, 1.99684917926788, 0.09689636528492, 0.05140437930822, -0.08581595867872, 0.18003033101559, 0.01057344861329, -0.01793964579701, 0.18986248970032, 0.00659136381, 0.00940074026585, 0.17568831145763, 0.01420776173472, 0.03847927600145, 0.14762869477272, 0.02119366824627, 0.05457248166203, -0.44851943850517, 0.76223939657211, 0.27283179759979, -0.4344724714756, 0.71066355705261, 0.17120388150215, -0.42925369739532, 0.71365940570831, 0.14250175654888, -0.42513877153397, 0.7411829829216, 0.12433594465256, -0.4300734102726, 0.77382916212082, 0.12209767103195
-0.29864785075188, -1.84857833385468, -0.13258874416351, -0.21850848197937, 0.25017297267914, 3.02874350547791, -0.63033056259155, 0.79639303684235, 0.22468556463718, -0.44094786047935, 1.47452580928802, 0.3601006269455, -1.03825128078461, 1.17650198936462, 0.17499640583992, 0, 0, 0, 0, 0, 0, -0.52757859230042, 0.8540455698967, 0.21274960041046, 0.47357878088951, -0.15321750938892, 2.01882696151733, 0.09689636528492, 0.05140437930822, -0.08581595867872, 0.18003033101559, 0.01057344861329, -0.01793964579701, 0.18986248970032, 0.00659136381, 0.00940074026585, 0.17568831145763, 0.01420776173472, 0.03847927600145, 0.14762869477272, 0.02119366824627, 0.05457248166203, -0.44743433594704, 0.75700318813324, 0.27237635850906, -0.43254747986794, 0.70553648471832, 0.17081268131733, -0.42743492126465, 0.70858424901962, 0.14209692180157, -0.42388820648193, 0.73615163564682, 0.12387774884701, -0.42946353554726, 0.76869124174118, 0.12159243971109
-0.21932600438595, -1.22604119777679, -0.09637712687254, -0.12062035501003, 0.12578575313091, 1.50888621807098, -0.62995624542236, 0.78751474618912, 0.22447426617146, -0.44067054986954, 1.47439050674438, 0.3601758480072, -1.03904128074646, 1.17679190635681, 0.1746438741684, 0, 0, 0, 0, 0, 0, -0.52831602096558, 0.84912955760956, 0.21242678165436, 0.47416070103645, -0.14693251252174, 2.03065156936646, 0.09689636528492, 0.05140437930822, -0.08581595867872, 0.18003033101559, 0.01057344861329, -0.01793964579701, 0.18986248970032, 0.00659136381, 0.00940074026585, 0.17568831145763, 0.01420776173472, 0.03847927600145, 0.14762869477272, 0.02119366824627, 0.05457248166203, -0.44710546731949, 0.75299298763275, 0.2720782160759, -0.43176925182343, 0.70158356428146, 0.17055240273476, -0.42671433091164, 0.70465594530106, 0.14182907342911, -0.42347311973572, 0.73224073648453, 0.12357938289642, -0.42939150333405, 0.76471775770187, 0.1212667375803
-0.10938405245543, -1.12726449966431, -0.03364205360413, -0.20502562820911, 0.19723580777645, 2.34552788734436, -0.62997967004776, 0.78154027462006, 0.22430904209614, -0.44039821624756, 1.47427654266357, 0.36026394367218, -1.03982508182526, 1.17715537548065, 0.1742826551199, 0, 0, 0, 0, 0, 0, -0.53106224536896, 0.83363074064255, 0.21168196201324, 0.4774357676506, -0.11990781128407, 2.07786822319031, 0.09689636528492, 0.05140437930822, -0.08581595867872, 0.18003033101559, 0.01057344861329, -0.01793964579701, 0.18986248970032, 0.00659136381, 0.00940074026585, 0.17568831145763, 0.01420776173472, 0.03847927600145, 0.14762869477272, 0.02119366824627, 0.05457248166203, -0.44556555151939, 0.74113762378693, 0.27110430598259, -0.42862489819527, 0.69016927480698, 0.16961115598679, -0.42385709285736, 0.69338095188141, 0.1408539712429, -0.42187559604645, 0.72103273868561, 0.12252561748028, -0.42916595935822, 0.75322669744492, 0.12017299234867
-0.08515834063292, -0.75159782171249, -0.02472281269729, -0.11957287043333, 0.1065454557538, 1.2574177980423, -0.6297305226326, 0.7618590593338, 0.22426745295525, -0.44013598561287, 1.47421276569366, 0.36033964157104, -1.0412050485611, 1.17770802974701, 0.17388308048248, 0, 0, 0, 0, 0, 0, -0.53275096416473, 0.82235562801361, 0.21124398708344, 0.47911104559898, -0.09833158552647, 2.11540055274963, 0.09689636528492, 0.05140437930822, -0.08581595867872, 0.18003033101559, 0.01057344861329, -0.01793964579701, 0.18986248970032, 0.00659136381, 0.00940074026585, 0.17568831145763, 0.01420776173472, 0.03847927600145, 0.14762869477272, 0.02119366824627, 0.05457248166203, -0.44396868348122, 0.73288142681122, 0.27047026157379, -0.42577320337296, 0.68229895830154, 0.16900128126144, -0.42123773694038, 0.68560910224915, 0.14021769165993, -0.42025646567345, 0.71327418088913, 0.12182864546776, -0.42862486839294, 0.74520266056061, 0.11944672465324
-0.30089375376701, -2.50524020195007, -0.00497817946598, -0.28079044818878, 0.64734494686127, 5.04630136489868, -0.62891972064972, 0.74736440181732, 0.22439253330231, -0.43995541334152, 1.4741039276123, 0.36045682430267, -1.04177331924438, 1.17837977409363, 0.17322759330273, 0, 0, 0, 0, 0, 0, -0.53333282470703, 0.81313800811768, 0.21112632751465, 0.48003733158112, -0.07240291684866, 2.16037750244141, 0.09689636528492, 0.05140437930822, -0.08581595867872, 0.18003033101559, 0.01057344861329, -0.01793964579701, 0.18986248970032, 0.00659136381, 0.00940074026585, 0.17568831145763, 0.01420776173472, 0.03847927600145, 0.14762869477272, 0.02119366824627, 0.05457248166203, -0.44075486063957, 0.72742319107056, 0.27010068297386, -0.42107903957367, 0.67734354734421, 0.16865853965282, -0.41682648658752, 0.68075728416443, 0.13984388113022, -0.41704213619232, 0.70839196443558, 0.12138429284096, -0.42668777704239, 0.73995566368103, 0.11897024512291
-0.16040323674679, -1.86311948299408, 0.01579463481903, -0.23563851416111, 0.51600801944733, 3.99658870697021, -0.62636965513229, 0.73441112041473, 0.22495490312576, -0.43978011608124, 1.47403371334076, 0.36057674884796, -1.04198133945465, 1.17932236194611, 0.17240738868713, 0, 0, 0, 0, 0, 0, -0.53419899940491, 0.80673807859421, 0.21092414855957, 0.48006099462509, -0.061318423599, 2.1795756816864, 0.09689636528492, 0.05140437930822, -0.08581595867872, 0.18003033101559, 0.01057344861329, -0.01793964579701, 0.18986248970032, 0.00659136381, 0.00940074026585, 0.17568831145763, 0.01420776173472, 0.03847927600145, 0.14762869477272, 0.02119366824627, 0.05457248166203, -0.44004791975021, 0.72267538309097, 0.26978600025177, -0.41974800825119, 0.67282235622406, 0.1683551967144, -0.4156177341938, 0.6762752532959, 0.13952741026878, -0.41634371876717, 0.70388132333755, 0.12103808671236, -0.42652961611748, 0.73527383804321, 0.11861096322536
0.00334739661776, -1.71391713619232, 0.06936013698578, -0.29753226041794, 0.62075924873352, 4.78041172027588, -0.62585389614105, 0.7264575958252, 0.22504612803459, -0.43970164656639, 1.4740149974823, 0.36069083213806, -1.04224634170532, 1.18027293682098, 0.17185619473457, 0, 0, 0, 0, 0, 0, -0.53504407405853, 0.80216997861862, 0.21092307567596, 0.48257094621658, -0.04586333408952, 2.20528411865234, 0.09689636528492, 0.05140437930822, -0.08581595867872, 0.18003033101559, 0.01057344861329, -0.01793964579701, 0.18986248970032, 0.00659136381, 0.00940074026585, 0.17568831145763, 0.01420776173472, 0.03847927600145, 0.14762869477272, 0.02119366824627, 0.05457248166203, -0.43878450989723, 0.72021114826202, 0.26933994889259, -0.41771101951599, 0.67096215486526, 0.16777192056179, -0.41376370191574, 0.6745445728302, 0.13893431425095, -0.41518720984459, 0.70214974880219, 0.12048430740833, -0.42609745264053, 0.73330390453339, 0.11813487112522
-0.06525993347168, -1.02624893188477, 0.0119876852259, -0.1336445659399, 0.26606497168541, 2.03833389282227, -0.62478679418564, 0.71979510784149, 0.22526274621487, -0.43965342640877, 1.47403681278229, 0.36084723472595, -1.04218280315399, 1.18131268024445, 0.17115743458271, 0, 0, 0, 0, 0, 0, -0.53551399707794, 0.79755145311356, 0.21091914176941, 0.48474192619324, -0.02977620624006, 2.2319495677948, 0.09689636528492, 0.05140437930822, -0.08581595867872, 0.18003033101559, 0.01057344861329, -0.01793964579701, 0.18986248970032, 0.00659136381, 0.00940074026585, 0.17568831145763, 0.01420776173472, 0.03847927600145, 0.14762869477272, 0.02119366824627, 0.05457248166203, -0.43712610006332, 0.71782231330872, 0.26887398958206, -0.41526898741722, 0.66921120882034, 0.16716437041759, -0.41151431202888, 0.67292159795761, 0.13831722736359, -0.41365903615952, 0.70050811767578, 0.11990901827812, -0.42531216144562, 0.73139810562134, 0.11764077842236
-0.04267930611968, -0.89281076192856, 0.05006610974669, 0.15400156378746, 0.42599990963936, 2.74470114707947, -0.62322825193405, 0.71305763721466, 0.22547939419746, -0.43966147303581, 1.47411298751831, 0.36098599433899, -1.04190385341644, 1.18298447132111, 0.16983591020107, 0, 0, 0, 0, 0, 0, -0.53580904006958, 0.79296922683716, 0.21090483665466, 0.48643869161606, -0.01405529771, 2.25793147087097, 0.09689636528492, 0.05140437930822, -0.08581595867872, 0.18003033101559, 0.01057344861329, -0.01793964579701, 0.18986248970032, 0.00659136381, 0.00940074026585, 0.17568831145763, 0.01420776173472, 0.03847927600145, 0.14762869477272, 0.02119366824627, 0.05457248166203, -0.4354045689106, 0.71545839309692, 0.26840871572495, -0.41280192136765, 0.66748028993607, 0.16656157374382, -0.40923768281937, 0.67130929231644, 0.13770577311516, -0.41208285093307, 0.69886028766632, 0.11933942139149, -0.424451649189, 0.72947657108307, 0.11715102940798
0.0128102293238, -0.90924018621445, 0.05108356103301, 0.15333388745785, 0.44272229075432, 2.8429012298584, -0.62150317430496, 0.70646280050278, 0.22567471861839, -0.43966335058212, 1.47418975830078, 0.36117112636566, -1.04178357124329, 1.18365800380707, 0.16940405964851, 0, 0, 0, 0, 0, 0, -0.53607535362244, 0.78849571943283, 0.21087110042572, 0.48762208223343, 0.00024095358094, 2.28150510787964, 0.09689636528492, 0.05140437930822, -0.08581595867872, 0.18003033101559, 0.01057344861329, -0.01793964579701, 0.18986248970032, 0.00659136381, 0.00940074026585, 0.17568831145763, 0.01420776173472, 0.03847927600145, 0.14762869477272, 0.02119366824627, 0.05457248166203, -0.43388986587524, 0.71303641796112, 0.26796489953995, -0.41062593460083, 0.66564220190048, 0.1659933924675, -0.40723675489426, 0.66957360506058, 0.13713027536869, -0.41071552038193, 0.69707781076431, 0.11880285292864, -0.42372667789459, 0.72743189334869, 0.11668755859137
0.04006147012115, -0.8933829665184, 0.04802226647735, 0.14296467602253, 0.43078076839447, 2.75826740264893, -0.61989951133728, 0.70020735263824, 0.22582672536373, -0.43964973092079, 1.47427892684937, 0.36137187480927, -1.04162955284119, 1.184525847435, 0.16868495941162, 0, 0, 0, 0, 0, 0, -0.53718852996826, 0.79148000478745, 0.21059322357178, 0.49302235245705, 0.01482063531876, 2.30832648277283, 0.09689636528492, 0.05140437930822, -0.08581595867872, 0.18003033101559, 0.01057344861329, -0.01793964579701, 0.18986248970032, 0.00659136381, 0.00940074026585, 0.17568831145763, 0.01420776173472, 0.03847927600145, 0.14762869477272, 0.02119366824627, 0.05457248166203, -0.43313497304916, 0.71813976764679, 0.2670710682869, -0.40896391868591, 0.67187535762787, 0.16479210555553, -0.40572661161423, 0.67604607343674, 0.1359451264143, -0.40989074110985, 0.70356178283691, 0.1177786141634, -0.42361924052238, 0.73361128568649, 0.11585784703493
0.04335164651275, -0.84645503759384, 0.04067837819457, 0.12485048919916, 0.39191463589668, 2.50295352935791, -0.61887437105179, 0.70115435123444, 0.22521191835403, -0.43962913751602, 1.47437882423401, 0.36155259609222, -1.04152154922485, 1.18540155887604, 0.16834199428558, 0, 0, 0, 0, 0, 0, -0.53728091716766, 0.7918546795845, 0.21025598049164, 0.50007003545761, 0.03598618134856, 2.34688496589661, 0.09689636528492, 0.05140437930822, -0.08581595867872, 0.18003033101559, 0.01057344861329, -0.01793964579701, 0.18986248970032, 0.00659136381, 0.00940074026585, 0.17568831145763, 0.01420776173472, 0.03847927600145, 0.14762869477272, 0.02119366824627, 0.05457248166203, -0.43065047264099, 0.72162294387817, 0.26587188243866, -0.4052337706089, 0.67700487375259, 0.1631643474102, -0.40222331881523, 0.68150877952576, 0.13434293866158, -0.40736532211304, 0.70901036262512, 0.11640691757202, -0.42210409045219, 0.73859411478043, 0.11476166546345
-0.03938912972808, 0.01165866758674, -0.02701163105667, 0.66926145553589, 0.23402631282806, 2.83537769317627, -0.61583381891251, 0.69871425628662, 0.22437332570553, -0.43958008289337, 1.47445917129517, 0.36176526546478, -1.04134261608124, 1.18565475940704, 0.16897152364254, 0, 0, 0, 0, 0, 0, -0.53625750541687, 0.79038947820663, 0.20977079868317, 0.50948697328568, 0.06960010528564, 2.4073600769043, 0.09689636528492, 0.05140437930822, -0.08581595867872, 0.18003033101559, 0.01057344861329, -0.01793964579701, 0.18986248970032, 0.00659136381, 0.00940074026585, 0.17568831145763, 0.01420776173472, 0.03847927600145, 0.14762869477272, 0.02119366824627, 0.05457248166203, -0.42584040760994, 0.72517108917236, 0.2640874683857, -0.39860516786575, 0.68318837881088, 0.16073705255985, -0.39596927165985, 0.68819141387939, 0.13196131587029, -0.4026266336441, 0.71560060977936, 0.1143858730793, -0.41890019178391, 0.74438965320587, 0.1131642088294
0.13747930526733, -0.44552561640739, -0.03465056419373, 0.94851189851761, 0.33527830243111, 4.04482126235962, -0.60976392030716, 0.69309997558594, 0.22305834293365, -0.43953251838684, 1.47459697723389, 0.36193430423737, -1.04132688045502, 1.18619346618652, 0.16962744295597, 0, 0, 0, 0, 0, 0, -0.53526926040649, 0.78859686851501, 0.20927083492279, 0.51651704311371, 0.10142078250647, 2.46392202377319, 0.09689636528492, 0.05140437930822, -0.08581595867872, 0.18003033101559, 0.01057344861329, -0.01793964579701, 0.18986248970032, 0.00659136381, 0.00940074026585, 0.17568831145763, 0.01420776173472, 0.03847927600145, 0.14762869477272, 0.02119366824627, 0.05457248166203, -0.42158779501915, 0.72821128368378, 0.26242896914482, -0.39279735088348, 0.68874955177307, 0.15850830078125, -0.39053139090538, 0.69419395923615, 0.12978120148182, -0.39858502149582, 0.72144144773483, 0.11254204064608, -0.41623961925507, 0.74941915273666, 0.11170743405819
0.38610932230949, -0.92705720663071, -0.05699514970183, 1.46351134777069, 0.52318686246872, 6.28432512283325, -0.60391694307327, 0.68771511316299, 0.22173547744751, -0.43950653076172, 1.47473394870758, 0.36211466789246, -1.04127132892609, 1.18625724315643, 0.17064467072487, 0, 0, 0, 0, 0, 0, -0.53595441579819, 0.79362708330154, 0.20947480201721, 0.53210341930389, 0.10788561403751, 2.47704577445984, 0.09689636528492, 0.05140437930822, -0.08581595867872, 0.18003033101559, 0.01057344861329, -0.01793964579701, 0.18986248970032, 0.00659136381, 0.00940074026585, 0.17568831145763, 0.01420776173472, 0.03847927600145, 0.14762869477272, 0.02119366824627, 0.05457248166203, -0.4216955602169, 0.73346489667892, 0.26163908839226, -0.39252227544785, 0.69602298736572, 0.15707978606224, -0.39030838012695, 0.7019676566124, 0.12844794988632, -0.39862471818924, 0.72941988706589, 0.11166435480118, -0.41654902696609, 0.75723564624786, 0.111293412745
0.39721724390984, -0.8977889418602, -0.06734311580658, 1.34525191783905, 0.48643732070923, 5.81954765319824, -0.60362356901169, 0.6918922662735, 0.2202416062355, -0.43952366709709, 1.47489893436432, 0.36222398281097, -1.04128289222717, 1.18630588054657, 0.17143481969833, 0, 0, 0, 0, 0, 0, -0.53698098659515, 0.7984653711319, 0.20984041690826, 0.54506283998489, 0.11403922736645, 2.48906397819519, 0.09689636528492, 0.05140437930822, -0.08581595867872, 0.18003033101559, 0.01057344861329, -0.01793964579701, 0.18986248970032, 0.00659136381, 0.00940074026585, 0.17568831145763, 0.01420776173472, 0.03847927600145, 0.14762869477272, 0.02119366824627, 0.05457248166203, -0.42219343781471, 0.7385875582695, 0.26116433739662, -0.39269641041756, 0.70287412405014, 0.15609246492386, -0.39053648710251, 0.70923894643784, 0.1275469660759, -0.39909541606903, 0.73684942722321, 0.11114931106567, -0.41726434230804, 0.76450848579407, 0.11116712540388
-0.02223729901016, 0.47823426127434, -0.08038758486509, 2.00078964233398, -0.01258799806237, 1.16004133224487, -0.60374981164932, 0.69599688053131, 0.21917478740215, -0.43954753875732, 1.47507977485657, 0.36235046386719, -1.04097962379456, 1.18613064289093, 0.1719676554203, 0, 0, 0, 0, 0, 0, -0.53812968730927, 0.80239057540894, 0.21014440059662, 0.55674546957016, 0.12029848992825, 2.50091552734375, 0.09689636528492, 0.05140437930822, -0.08581595867872, 0.18003033101559, 0.01057344861329, -0.01793964579701, 0.18986248970032, 0.00659136381, 0.00940074026585, 0.17568831145763, 0.01420776173472, 0.03847927600145, 0.14762869477272, 0.02119366824627, 0.05457248166203, -0.42282205820084, 0.7428582906723, 0.26069873571396, -0.39302843809128, 0.70874774456024, 0.15517894923687, -0.39092686772346, 0.71549534797668, 0.12671712040901, -0.39972648024559, 0.74323803186417, 0.11067375540733, -0.41813433170319, 0.77073609828949, 0.11104511469603
-0.06749153137207, 0.4673909842968, -0.04482149705291, 1.68499207496643, -0.00133747130167, 1.05960988998413, -0.6040073633194, 0.69923657178879, 0.21816818416119, -0.43958520889282, 1.4752950668335, 0.36242496967316, -1.04063475131989, 1.18543207645416, 0.17292477190495, 0, 0, 0, 0, 0, 0, -0.53922307491302, 0.80519938468933, 0.21027159690857, 0.56816828250885, 0.12713558971882, 2.51352310180664, 0.09689636528492, 0.05140437930822, -0.08581595867872, 0.18003033101559, 0.01057344861329, -0.01793964579701, 0.18986248970032, 0.00659136381, 0.00940074026585, 0.17568831145763, 0.01420776173472, 0.03847927600145, 0.14762869477272, 0.02119366824627, 0.05457248166203, -0.4233655333519, 0.74609273672104, 0.26006230711937, -0.39327836036682, 0.7135945558548, 0.15411774814129, -0.39124369621277, 0.72072070837021, 0.12574344873428, -0.40030017495155, 0.74858218431473, 0.11005284637213, -0.41895943880081, 0.77590334415436, 0.11077308654785
-0.08221863955259, 0.36067482829094, -0.04489838704467, 1.53383016586304, 0.00664434907958, 1.03952240943909, -0.60415035486221, 0.70135205984116, 0.21699337661266, -0.43957677483559, 1.47547256946564, 0.36250400543213, -1.04037761688232, 1.1849946975708, 0.17418324947357, 0, 0, 0, 0, 0, 0, -0.54192364215851, 0.81433516740799, 0.21023571491241, 0.57730919122696, 0.12248352169991, 2.50279426574707, 0.09689636528492, 0.05140437930822, -0.08581595867872, 0.18003033101559, 0.01057344861329, -0.01793964579701, 0.18986248970032, 0.00659136381, 0.00940074026585, 0.17568831145763, 0.01420776173472, 0.03847927600145, 0.14762869477272, 0.02119366824627, 0.05457248166203, -0.42661252617836, 0.75366961956024, 0.25941613316536, -0.39697366952896, 0.72171342372894, 0.15318074822426, -0.39489901065826, 0.72904407978058, 0.12486152350903, -0.40369156002998, 0.75711935758591, 0.10940355062485, -0.42207342386246, 0.78462064266205, 0.11036317050457
-0.07131814956665, 0.22103546559811, -0.06589293479919, 1.51933610439301, 0.01366056874394, 1.10178279876709, -0.60788774490356, 0.71109735965729, 0.21621066331863, -0.43955352902412, 1.47563803195953, 0.36259698867798, -1.03999650478363, 1.18399000167847, 0.17550039291382, 0, 0, 0, 0, 0, 0, -0.54437863826752, 0.82116401195526, 0.21016943454742, 0.58594381809235, 0.11858186125755, 2.49367117881775, 0.09689636528492, 0.05140437930822, -0.08581595867872, 0.18003033101559, 0.01057344861329, -0.01793964579701, 0.18986248970032, 0.00659136381, 0.00940074026585, 0.17568831145763, 0.01420776173472, 0.03847927600145, 0.14762869477272, 0.02119366824627, 0.05457248166203, -0.42954117059708, 0.75913393497467, 0.25875243544579, -0.4002930521965, 0.72773861885071, 0.15224185585976, -0.3981859087944, 0.73526793718338, 0.12397716194391, -0.40675303339958, 0.76353538036346, 0.10874450206757, -0.42489635944366, 0.7911856174469, 0.10993550717831
-0.39095160365105, 1.243607878685, -0.040034648031, 0.95142197608948, 0.1393653601408, -1.21033215522766, -0.61122268438339, 0.71845471858978, 0.21542981266975, -0.4395332634449, 1.47578883171082, 0.36272954940796, -1.03937697410584, 1.18287324905396, 0.17641095817089, 0, 0, 0, 0, 0, 0, -0.54669463634491, 0.82625031471252, 0.20995092391968, 0.59722995758057, 0.11408890783787, 2.48299598693848, 0.09689636528492, 0.05140437930822, -0.08581595867872, 0.18003033101559, 0.01057344861329, -0.01793964579701, 0.18986248970032, 0.00659136381, 0.00940074026585, 0.17568831145763, 0.01420776173472, 0.03847927600145, 0.14762869477272, 0.02119366824627, 0.05457248166203, -0.43242233991623, 0.76257139444351, 0.2577266395092, -0.40364348888397, 0.731968998909, 0.15085808932781, -0.40150007605553, 0.73976415395737, 0.12266831845045, -0.40980219841003, 0.76827043294907, 0.10773698985577, -0.42766314744949, 0.79608899354935, 0.10923666507006
-0.35063979029655, 0.94679826498032, -0.04137754067779, 0.91728413105011, 0.13306346535683, -1.03127527236938, -0.61456704139709, 0.72417336702347, 0.21426719427109, -0.43951272964478, 1.47593450546265, 0.36284911632538, -1.0390031337738, 1.18197166919708, 0.17758250236511, 0, 0, 0, 0, 0, 0, -0.54860997200012, 0.82980114221573, 0.20983839035034, 0.60486960411072, 0.11147172003984, 2.47661828994751, 0.09689636528492, 0.05140437930822, -0.08581595867872, 0.18003033101559, 0.01057344861329, -0.01793964579701, 0.18986248970032, 0.00659136381, 0.00940074026585, 0.17568831145763, 0.01420776173472, 0.03847927600145, 0.14762869477272, 0.02119366824627, 0.05457248166203, -0.43468138575554, 0.76509535312653, 0.25705194473267, -0.40619289875031, 0.73506754636765, 0.14994286000729, -0.4040293097496, 0.74304676055908, 0.12180615961552, -0.41217216849327, 0.7717068195343, 0.10708303749561, -0.42986190319061, 0.79962229728699, 0.10879534482956
-0.34256455302238, 0.76211923360825, -0.06939053535461, 1.22401940822601, 0.17560832202435, -1.2159024477005, -0.61709845066071, 0.72811114788055, 0.21350899338722, -0.43958702683449, 1.47612464427948, 0.36300206184387, -1.03882467746735, 1.18118500709534, 0.17838704586029, 0, 0, 0, 0, 0, 0, -0.54794251918793, 0.84003174304962, 0.20866096019745, 0.6097583770752, 0.09634280204773, 2.44636344909668, 0.09689636528492, 0.05140437930822, -0.08581595867872, 0.18003033101559, 0.01057344861329, -0.01793964579701, 0.18986248970032, 0.00659136381, 0.00940074026585, 0.17568831145763, 0.01420776173472, 0.03847927600145, 0.14762869477272, 0.02119366824627, 0.05457248166203, -0.43558257818222, 0.77236515283585, 0.25548142194748, -0.4080862402916, 0.74187630414963, 0.14824336767197, -0.40578150749207, 0.74986344575882, 0.1201201453805, -0.41323003172874, 0.77875363826752, 0.10547943413258, -0.4302065372467, 0.80710226297379, 0.10729306936264
-0.26814937591553, 0.51888942718506, -0.04248261079192, 0.83421778678894, 0.11790962517262, -0.72535198926926, -0.61896568536758, 0.74009263515472, 0.21225029230118, -0.43964996933937, 1.47629332542419, 0.3631796836853, -1.03832280635834, 1.18063414096832, 0.1789828389883, 0, 0, 0, 0, 0, 0, -0.54806113243103, 0.84770655632019, 0.20785808563232, 0.61409294605255, 0.08329682797194, 2.42033982276917, 0.09689636528492, 0.05140437930822, -0.08581595867872, 0.18003033101559, 0.01057344861329, -0.01793964579701, 0.18986248970032, 0.00659136381, 0.00940074026585, 0.17568831145763, 0.01420776173472, 0.03847927600145, 0.14762869477272, 0.02119366824627, 0.05457248166203, -0.43710166215897, 0.77751535177231, 0.25430011749268, -0.41047179698944, 0.74669998884201, 0.14693680405617, -0.40804785490036, 0.75470370054245, 0.11882831901312, -0.41489794850349, 0.78378355503082, 0.10427095741034, -0.43125462532043, 0.81248772144318, 0.1061849668622
-0.07092475891113, 1.58653724193573, -0.12455999106169, 0.27970391511917, 0.2572024166584, -3.03104591369629, -0.62121999263763, 0.74931645393372, 0.21134606003761, -0.43971708416939, 1.47646129131317, 0.36333811283112, -1.03802120685577, 1.18005168437958, 0.179951146245, 0, 0, 0, 0, 0, 0, -0.5485782623291, 0.85346388816833, 0.20731294155121, 0.61764496564865, 0.0730462744832, 2.39992594718933, 0.09689636528492, 0.05140437930822, -0.08581595867872, 0.18003033101559, 0.01057344861329, -0.01793964579701, 0.18986248970032, 0.00659136381, 0.00940074026585, 0.17568831145763, 0.01420776173472, 0.03847927600145, 0.14762869477272, 0.02119366824627, 0.05457248166203, -0.43874955177307, 0.78130441904068, 0.25342530012131, -0.4128075838089, 0.75028568506241, 0.14595219492912, -0.41029161214828, 0.75831061601639, 0.11785784363747, -0.41667175292969, 0.78753471374512, 0.10337598621845, -0.43253827095032, 0.8165066242218, 0.1053794324398
-0.13641357421875, 1.23180615901947, -0.08256375044584, 0.28864774107933, 0.22836722433567, -2.59177470207214, -0.62338316440582, 0.7563157081604, 0.21069601178169, -0.43977361917496, 1.47661364078522, 0.36347353458405, -1.0375440120697, 1.17982649803162, 0.18051429092884, 0, 0, 0, 0, 0, 0, -0.54947751760483, 0.85817497968674, 0.20692145824432, 0.62142419815063, 0.06262041628361, 2.37919473648071, 0.09689636528492, 0.05140437930822, -0.08581595867872, 0.18003033101559, 0.01057344861329, -0.01793964579701, 0.18986248970032, 0.00659136381, 0.00940074026585, 0.17568831145763, 0.01420776173472, 0.03847927600145, 0.14762869477272, 0.02119366824627, 0.05457248166203, -0.44082540273666, 0.78402733802795, 0.252665579319, -0.41558837890625, 0.75285357236862, 0.14506955444813, -0.41298019886017, 0.76090848445892, 0.11699218302965, -0.41888278722763, 0.79027545452118, 0.10259716957808, -0.43424850702286, 0.81950896978378, 0.10470222681761
-0.15292166173458, 0.93602651357651, -0.05508362874389, 0.26882830262184, 0.18510316312313, -2.02719140052795, -0.62592697143555, 0.76231098175049, 0.21017298102379, -0.43978661298752, 1.47674334049225, 0.3635790348053, -1.03705871105194, 1.17952442169189, 0.18104492127895, 0, 0, 0, 0, 0, 0, -0.5483306646347, 0.86647742986679, 0.20634007453918, 0.61769342422485, 0.04497028142214, 2.34283018112183, 0.09689636528492, 0.05140437930822, -0.08581595867872, 0.18003033101559, 0.01057344861329, -0.01793964579701, 0.18986248970032, 0.00659136381, 0.00940074026585, 0.17568831145763, 0.01420776173472, 0.03847927600145, 0.14762869477272, 0.02119366824627, 0.05457248166203, -0.4417399764061, 0.78941285610199, 0.25211304426193, -0.41781029105186, 0.75694537162781, 0.1446009427309, -0.41506636142731, 0.7647722363472, 0.11647207289934, -0.42015552520752, 0.79422372579575, 0.10193973779678, -0.43464910984039, 0.82390654087067, 0.10393993556499
-0.1956939548254, 0.81531995534897, -0.0368893109262, 0.31495645642281, 0.19332340359688, -2.05012631416321, -0.62754863500595, 0.77291828393936, 0.21036510169506, -0.43979865312576, 1.47684216499329, 0.36367344856262, -1.03628301620483, 1.17984926700592, 0.18099336326122, 0, 0, 0, 0, 0, 0, -0.54780793190002, 0.87293440103531, 0.2059131860733, 0.61501848697662, 0.03241058066487, 2.31670451164246, 0.09689636528492, 0.05140437930822, -0.08581595867872, 0.18003033101559, 0.01057344861329, -0.01793964579701, 0.18986248970032, 0.00659136381, 0.00940074026585, 0.17568831145763, 0.01420776173472, 0.03847927600145, 0.14762869477272, 0.02119366824627, 0.05457248166203, -0.44275665283203, 0.79378664493561, 0.2516902089119, -0.41979789733887, 0.76044619083405, 0.14423356950283, -0.41696131229401, 0.76811546087265, 0.11607051640749, -0.42146265506744, 0.79761761426926, 0.10144726932049, -0.4353187084198, 0.82760781049728, 0.10337917506695
-0.00382661796175, 1.41927468776703, 0.00579714728519, -0.63780552148819, 0.4162070453167, -3.52495503425598, -0.62898015975952, 0.78109037876129, 0.21046636998653, -0.43983536958694, 1.47693932056427, 0.36377584934235, -1.03569555282593, 1.17990040779114, 0.18121778964996, 0, 0, 0, 0, 0, 0, -0.54778468608856, 0.87825489044189, 0.20562064647675, 0.61280363798141, 0.02179161831737, 2.2944438457489, 0.09689636528492, 0.05140437930822, -0.08581595867872, 0.18003033101559, 0.01057344861329, -0.01793964579701, 0.18986248970032, 0.00659136381, 0.00940074026585, 0.17568831145763, 0.01420776173472, 0.03847927600145, 0.14762869477272, 0.02119366824627, 0.05457248166203, -0.44408342242241, 0.79733872413635, 0.25138413906097, -0.42197233438492, 0.763298869133, 0.14396904408932, -0.41906002163887, 0.7708398103714, 0.1157790645957, -0.42305848002434, 0.80037927627563, 0.10108527541161, -0.43636435270309, 0.83062088489532, 0.10296558588743
-0.03150701522827, 1.0832691192627, 0.00131964671891, -0.41954034566879, 0.30507618188858, -2.54303812980652, -0.63059794902802, 0.7879102230072, 0.2106012403965, -0.4398732483387, 1.47706937789917, 0.36378657817841, -1.03514397144318, 1.18021607398987, 0.18147850036621, 0, 0, 0, 0, 0, 0, -0.54810702800751, 0.88291710615158, 0.20542395114899, 0.61076331138611, 0.01173396687955, 2.27321624755859, 0.09689636528492, 0.05140437930822, -0.08581595867872, 0.18003033101559, 0.01057344861329, -0.01793964579701, 0.18986248970032, 0.00659136381, 0.00940074026585, 0.17568831145763, 0.01420776173472, 0.03847927600145, 0.14762869477272, 0.02119366824627, 0.05457248166203, -0.44572585821152, 0.80032074451447, 0.25115811824799, -0.42443972826004, 0.76565420627594, 0.14377677440643, -0.42145782709122, 0.77307826280594, 0.11556304991245, -0.4249752163887, 0.80264860391617, 0.10080839693546, -0.43775069713593, 0.83312064409256, 0.10264576971531
-0.07252692431211, 0.90414041280746, 0.00845611095428, -0.32489717006683, 0.26463025808334, -2.17576456069946, -0.63246327638626, 0.79403400421143, 0.21079185605049, -0.43989297747612, 1.47726798057556, 0.3638197183609, -1.03440749645233, 1.18075549602509, 0.18133997917175, 0, 0, 0, 0, 0, 0, -0.54504227638245, 0.88943475484848, 0.20674204826355, 0.60645973682404, 0.00250163534656, 2.2541606426239, 0.09689636528492, 0.05140437930822, -0.08581595867872, 0.18003033101559, 0.01057344861329, -0.01793964579701, 0.18986248970032, 0.00659136381, 0.00940074026585, 0.17568831145763, 0.01420776173472, 0.03847927600145, 0.14762869477272, 0.02119366824627, 0.05457248166203, -0.44388449192047, 0.80545276403427, 0.25267472863197, -0.42332395911217, 0.76998603343964, 0.145413428545, -0.42027449607849, 0.77723836898804, 0.11716229468584, -0.42335522174835, 0.80679476261139, 0.10228259861469, -0.43565067648888, 0.83747029304504, 0.10400584340096
-0.10612963885069, 0.81516259908676, 0.01693546772003, -0.27962145209312, 0.25601798295975, -2.07999849319458, -0.63076543807983, 0.80190336704254, 0.21264074742794, -0.43994769454002, 1.47737741470337, 0.36383271217346, -1.03378748893738, 1.18160390853882, 0.180803373456, 0, 0, 0, 0, 0, 0, -0.5431170463562, 0.89501506090164, 0.20763838291168, 0.60267585515976, -0.00568734575063, 2.23708558082581, 0.09689636528492, 0.05140437930822, -0.08581595867872, 0.18003033101559, 0.01057344861329, -0.01793964579701, 0.18986248970032, 0.00659136381, 0.00940074026585, 0.17568831145763, 0.01420776173472, 0.03847927600145, 0.14762869477272, 0.02119366824627, 0.05457248166203, -0.44307851791382, 0.80979228019714, 0.25373670458794, -0.42318388819695, 0.77363795042038, 0.14657941460609, -0.4200764298439, 0.78074073791504, 0.11829660832882, -0.42276450991631, 0.81028151512146, 0.1033101528883, -0.43462505936623, 0.84113305807114, 0.10493598878384
0.31114336848259, 1.01142883300781, 0.19862471520901, -0.52900969982147, 0.19929258525372, -1.8703430891037, -0.63005244731903, 0.80872005224228, 0.21399493515491, -0.4400047659874, 1.47747302055359, 0.36383736133575, -1.03340089321136, 1.18174409866333, 0.18082378804684, 0, 0, 0, 0, 0, 0, -0.54192554950714, 0.89994519948959, 0.20826232433319, 0.59925734996796, -0.013158345595, 2.22136569023132, 0.09689636528492, 0.05140437930822, -0.08581595867872, 0.18003033101559, 0.01057344861329, -0.01793964579701, 0.18986248970032, 0.00659136381, 0.00940074026585, 0.17568831145763, 0.01420776173472, 0.03847927600145, 0.14762869477272, 0.02119366824627, 0.05457248166203, -0.44293665885925, 0.81358122825623, 0.2545023560524, -0.42366775870323, 0.77681934833527, 0.14743745326996, -0.42050898075104, 0.78378808498383, 0.11912702769041, -0.42283451557159, 0.81331193447113, 0.10404678434134, -0.43429079651833, 0.84432017803192, 0.10558721423149
0.1831412166357, 0.87723249197006, 0.14278292655945, -0.45152822136879, 0.18207010626793, -1.68702125549316, -0.62996572256088, 0.81480896472931, 0.21502543985844, -0.44001343846321, 1.47752106189728, 0.36390233039856, -1.033203125, 1.18257534503937, 0.18012188374996, 0, 0, 0, 0, 0, 0, -0.54117941856384, 0.90443205833435, 0.20871186256409, 0.59614509344101, -0.02002536132932, 2.20679903030396, 0.09689636528492, 0.05140437930822, -0.08581595867872, 0.18003033101559, 0.01057344861329, -0.01793964579701, 0.18986248970032, 0.00659136381, 0.00940074026585, 0.17568831145763, 0.01420776173472, 0.03847927600145, 0.14762869477272, 0.02119366824627, 0.05457248166203, -0.44317960739136, 0.81701195240021, 0.25507387518883, -0.42450082302094, 0.77970898151398, 0.14809158444405, -0.42129620909691, 0.78655683994293, 0.11975681036711, -0.42328497767448, 0.81606268882751, 0.1045934855938, -0.43436348438263, 0.84721159934998, 0.10605839639902
0.101323120296, 0.78442806005478, 0.10646580904722, -0.39647755026817, 0.17050437629223, -1.5632004737854, -0.63023316860199, 0.8203866481781, 0.21583911776543, -0.44000923633575, 1.47755682468414, 0.36396408081055, -1.03313314914703, 1.18275737762451, 0.18036936223507, 0, 0, 0, 0, 0, 0, -0.53788995742798, 0.90693992376328, 0.20988488197327, 0.58915168046951, -0.03086805157363, 2.19006490707397, 0.09689636528492, 0.05140437930822, -0.08581595867872, 0.18003033101559, 0.01057344861329, -0.01793964579701, 0.18986248970032, 0.00659136381, 0.00940074026585, 0.17568831145763, 0.01420776173472, 0.03847927600145, 0.14762869477272, 0.02119366824627, 0.05457248166203, -0.4411960542202, 0.81846183538437, 0.25697627663612, -0.42288857698441, 0.78018975257874, 0.15027248859406, -0.41954696178436, 0.78680342435837, 0.12189791351557, -0.42109876871109, 0.8162328004837, 0.10653632879257, -0.43174043297768, 0.8475433588028, 0.10777769982815
0.05307912454009, 0.71845287084579, 0.08253514021635, -0.34938049316406, 0.15962462127209, -1.45072960853577, -0.62812668085098, 0.82420313358307, 0.21743163466454, -0.43999883532524, 1.47757160663605, 0.36400973796844, -1.03304076194763, 1.18305230140686, 0.18043529987335, 0, 0, 0, 0, 0, 0, -0.53577136993408, 0.91004109382629, 0.21078407764435, 0.5802081823349, -0.04458853602409, 2.16851472854614, 0.09689636528492, 0.05140437930822, -0.08581595867872, 0.18003033101559, 0.01057344861329, -0.01793964579701, 0.18986248970032, 0.00659136381, 0.00940074026585, 0.17568831145763, 0.01420776173472, 0.03847927600145, 0.14762869477272, 0.02119366824627, 0.05457248166203, -0.44079548120499, 0.82020235061646, 0.2587867975235, -0.42300480604172, 0.78072023391724, 0.15243704617023, -0.41949301958084, 0.78703665733337, 0.12401534616947, -0.42047911882401, 0.81636136770248, 0.10840881615877, -0.43054810166359, 0.84787046909332, 0.10937187075615
0.35712000727654, 0.50860404968262, 0.13643145561218, -0.79482513666153, -0.17913320660591, -1.6826229095459, -0.62752026319504, 0.82903349399567, 0.21884088218212, -0.43999060988426, 1.47758054733276, 0.36404860019684, -1.03295814990997, 1.18342709541321, 0.18034520745277, 0, 0, 0, 0, 0, 0, -0.53427112102509, 0.91338932514191, 0.21147954463959, 0.57138866186142, -0.05790557712317, 2.14720320701599, 0.09689636528492, 0.05140437930822, -0.08581595867872, 0.18003033101559, 0.01057344861329, -0.01793964579701, 0.18986248970032, 0.00659136381, 0.00940074026585, 0.17568831145763, 0.01420776173472, 0.03847927600145, 0.14762869477272, 0.02119366824627, 0.05457248166203, -0.4410348534584, 0.82221037149429, 0.2603577375412, -0.4237956404686, 0.78156971931458, 0.15435415506363, -0.42012220621109, 0.78759586811066, 0.12588991224766, -0.42054563760757, 0.81680941581726, 0.11005116999149, -0.43003758788109, 0.84850406646729, 0.11074806749821
0.20958422124386, 0.64341539144516, 0.10098516196012, -0.99114412069321, -0.21911239624023, -2.1954300403595, -0.62750089168549, 0.8341401219368, 0.22001035511494, -0.44003722071648, 1.4775562286377, 0.36408197879791, -1.03280973434448, 1.18397986888886, 0.18050375580788, 0, 0, 0, 0, 0, 0, -0.53305339813232, 0.9167771935463, 0.21202051639557, 0.56397670507431, -0.06896798312664, 2.12918019294739, 0.09689636528492, 0.05140437930822, -0.08581595867872, 0.18003033101559, 0.01057344861329, -0.01793964579701, 0.18986248970032, 0.00659136381, 0.00940074026585, 0.17568831145763, 0.01420776173472, 0.03847927600145, 0.14762869477272, 0.02119366824627, 0.05457248166203, -0.44131910800934, 0.82446891069412, 0.26161581277847, -0.42457756400108, 0.78288149833679, 0.15590001642704, -0.42077276110649, 0.78866600990295, 0.12740290164948, -0.42071831226349, 0.81777989864349, 0.11137628555298, -0.42971438169479, 0.84962290525436, 0.11185611784458
0.1402759552002, 0.67415708303452, 0.07511436194181, -0.94859659671783, -0.20583966374397, -2.1998553276062, -0.6275223493576, 0.83905148506165, 0.2209275662899, -0.44013947248459, 1.47750544548035, 0.36411428451538, -1.03257656097412, 1.18436276912689, 0.18042516708374, 0, 0, 0, 0, 0, 0, -0.53335809707642, 0.91456419229507, 0.21290373802185, 0.55811589956284, -0.08512533456087, 2.10923671722412, 0.09689636528492, 0.05140437930822, -0.08581595867872, 0.18003033101559, 0.01057344861329, -0.01793964579701, 0.18986248970032, 0.00659136381, 0.00940074026585, 0.17568831145763, 0.01420776173472, 0.03847927600145, 0.14762869477272, 0.02119366824627, 0.05457248166203, -0.44350880384445, 0.82091379165649, 0.26342499256134, -0.42690736055374, 0.77855849266052, 0.15799237787724, -0.42284619808197, 0.7841454744339, 0.12949123978615, -0.42219990491867, 0.81318026781082, 0.11333446204662, -0.43064627051353, 0.84517574310303, 0.11362089216709
0.11606454104185, 0.63991063833237, 0.05681633576751, -0.77172935009003, -0.16450373828411, -1.87559366226196, -0.62920504808426, 0.83852362632751, 0.22163240611553, -0.44020754098892, 1.47746825218201, 0.36414396762848, -1.03241527080536, 1.18480002880096, 0.18051271140575, 0, 0, 0, 0, 0, 0, -0.53358536958694, 0.91396689414978, 0.21344614028931, 0.55202466249466, -0.1012150272727, 2.08882474899292, 0.09689636528492, 0.05140437930822, -0.08581595867872, 0.18003033101559, 0.01057344861329, -0.01793964579701, 0.18986248970032, 0.00659136381, 0.00940074026585, 0.17568831145763, 0.01420776173472, 0.03847927600145, 0.14762869477272, 0.02119366824627, 0.05457248166203, -0.44569063186646, 0.81895792484283, 0.26486113667488, -0.4292901456356, 0.77583962678909, 0.1597067117691, -0.42497915029526, 0.78122508525848, 0.13120347261429, -0.42372918128967, 0.81017076969147, 0.11492271721363, -0.43160447478294, 0.84231269359589, 0.1150229126215
-0.06251335144043, -0.00547170592472, 0.02937555126846, -0.54549068212509, -0.66557759046555, -2.07517576217651, -0.63081920146942, 0.83968698978424, 0.22199454903603, -0.44030991196632, 1.47737276554108, 0.36415576934814, -1.03203999996185, 1.18574261665344, 0.18013222515583, 0, 0, 0, 0, 0, 0, -0.53370440006256, 0.91403609514236, 0.21386337280273, 0.54648226499557, -0.11528225243092, 2.07047557830811, 0.09689636528492, 0.05140437930822, -0.08581595867872, 0.18003033101559, 0.01057344861329, -0.01793964579701, 0.18986248970032, 0.00659136381, 0.00940074026585, 0.17568831145763, 0.01420776173472, 0.03847927600145, 0.14762869477272, 0.02119366824627, 0.05457248166203, -0.44758701324463, 0.81781911849976, 0.26603397727013, -0.43141722679138, 0.77403658628464, 0.16111859679222, -0.42689272761345, 0.77924180030823, 0.13261494040489, -0.4251024723053, 0.80810052156448, 0.11623065173626, -0.43245753645897, 0.84036552906036, 0.11617366224527
-0.04922389611602, 0.1969671100378, -0.00973462965339, -0.53389978408813, -0.63962686061859, -2.13992547988892, -0.6321634054184, 0.84136950969696, 0.22225327789783, -0.44030386209488, 1.47729337215424, 0.36414861679077, -1.03192627429962, 1.18634963035584, 0.1799276471138, 0, 0, 0, 0, 0, 0, -0.53370201587677, 0.91441941261292, 0.21424925327301, 0.54169493913651, -0.12703385949135, 2.05472612380981, 0.09689636528492, 0.05140437930822, -0.08581595867872, 0.18003033101559, 0.01057344861329, -0.01793964579701, 0.18986248970032, 0.00659136381, 0.00940074026585, 0.17568831145763, 0.01420776173472, 0.03847927600145, 0.14762869477272, 0.02119366824627, 0.05457248166203, -0.44912338256836, 0.81717532873154, 0.26702916622162, -0.43319118022919, 0.77284133434296, 0.16230916976929, -0.42849254608154, 0.77789318561554, 0.13380610942841, -0.42624098062515, 0.80667239427567, 0.1173390597105, -0.43314468860626, 0.83903652429581, 0.11715548485518
-0.02999067120254, 0.25184154510498, -0.01386165525764, -0.45855641365051, -0.53882557153702, -1.93997478485107, -0.6331952214241, 0.84316003322601, 0.22250771522522, -0.44027355313301, 1.47719097137451, 0.36412072181702, -1.0320463180542, 1.18694758415222, 0.18031916022301, 0, 0, 0, 0, 0, 0, -0.53295004367828, 0.90850520133972, 0.21389210224152, 0.54330664873123, -0.1269800812006, 2.05577301979065, 0.09689636528492, 0.05140437930822, -0.08581595867872, 0.18003033101559, 0.01057344861329, -0.01793964579701, 0.18986248970032, 0.00659136381, 0.00940074026585, 0.17568831145763, 0.01420776173472, 0.03847927600145, 0.14762869477272, 0.02119366824627, 0.05457248166203, -0.44829076528549, 0.8112753033638, 0.26656877994537, -0.43225917220116, 0.76711440086365, 0.16179084777832, -0.42755222320557, 0.77221369743347, 0.13329762220383, -0.42532414197922, 0.80101978778839, 0.11687441915274, -0.43226313591003, 0.83337658643723, 0.11673554033041
-0.01014232542366, 0.25648355484009, -0.00564515544102, -0.3739815056324, -0.43090686202049, -1.67089247703552, -0.63236922025681, 0.83712494373322, 0.22199623286724, -0.44024163484573, 1.4771009683609, 0.36409747600555, -1.03222405910492, 1.18747711181641, 0.18018968403339, 0, 0, 0, 0, 0, 0, -0.53196263313293, 0.90207320451736, 0.21354997158051, 0.54422104358673, -0.1279321461916, 2.0550320148468, 0.09689636528492, 0.05140437930822, -0.08581595867872, 0.18003033101559, 0.01057344861329, -0.01793964579701, 0.18986248970032, 0.00659136381, 0.00940074026585, 0.17568831145763, 0.01420776173472, 0.03847927600145, 0.14762869477272, 0.02119366824627, 0.05457248166203, -0.4473831653595, 0.8047479391098, 0.26617869734764, -0.43131458759308, 0.760682284832, 0.16136632859707, -0.42658883333206, 0.76580727100372, 0.13288082182407, -0.42433667182922, 0.79462844133377, 0.11648736894131, -0.4312589764595, 0.82698893547058, 0.11637650430202
0.09168147295713, -0.72499030828476, -0.05162715539336, 0.15889102220535, -0.05302049219608, 0.11461074650288, -0.631422996521, 0.83073598146439, 0.22152708470821, -0.44017726182938, 1.4769743680954, 0.36403000354767, -1.03301906585693, 1.18756067752838, 0.1806997358799, 0, 0, 0, 0, 0, 0, -0.53092813491821, 0.89669001102448, 0.21328985691071, 0.54467672109604, -0.12970674037933, 2.05289840698242, 0.09689636528492, 0.05140437930822, -0.08581595867872, 0.18003033101559, 0.01057344861329, -0.01793964579701, 0.18986248970032, 0.00659136381, 0.00940074026585, 0.17568831145763, 0.01420776173472, 0.03847927600145, 0.14762869477272, 0.02119366824627, 0.05457248166203, -0.44655451178551, 0.7991806268692, 0.26590830087662, -0.43049293756485, 0.75515878200531, 0.16107641160488, -0.42573910951614, 0.7602950334549, 0.13259761035442, -0.42342546582222, 0.78912341594696, 0.116225451231, -0.43029102683067, 0.8214960694313, 0.11613219231367
0.11858224123716, -0.763034760952, -0.0506365261972, 0.0984141305089, -0.05343829095364, -0.03452415019274, -0.63051861524582, 0.82552164793015, 0.22115144133568, -0.44015938043594, 1.47686040401459, 0.36395406723022, -1.03344619274139, 1.18758940696716, 0.18105290830135, 0, 0, 0, 0, 0, 0, -0.52996253967285, 0.89275872707367, 0.21311664581299, 0.54475682973862, -0.13225670158863, 2.04948973655701, 0.09689636528492, 0.05140437930822, -0.08581595867872, 0.18003033101559, 0.01057344861329, -0.01793964579701, 0.18986248970032, 0.00659136381, 0.00940074026585, 0.17568831145763, 0.01420776173472, 0.03847927600145, 0.14762869477272, 0.02119366824627, 0.05457248166203, -0.44591134786606, 0.79498267173767, 0.26575613021851, -0.42989438772202, 0.7509628534317, 0.16091659665108, -0.42510345578194, 0.75609844923019, 0.13244387507439, -0.42269396781921, 0.78492760658264, 0.11608684062958, -0.42946624755859, 0.81731992959976, 0.11600314080715
0.12326001375914, -0.61851733922958, -0.04205524548888, 0.11584381759167, -0.09701254218817, -0.21408949792385, -0.62976366281509, 0.82187390327454, 0.220867395401, -0.44014492630959, 1.47673678398132, 0.3638322353363, -1.03421533107758, 1.18764650821686, 0.1814850717783, 0, 0, 0, 0, 0, 0, -0.53007459640503, 0.87816917896271, 0.21335673332214, 0.54980152845383, -0.11482974141836, 2.07568073272705, 0.09689636528492, 0.05140437930822, -0.08581595867872, 0.18003033101559, 0.01057344861329, -0.01793964579701, 0.18986248970032, 0.00659136381, 0.00940074026585, 0.17568831145763, 0.01420776173472, 0.03847927600145, 0.14762869477272, 0.02119366824627, 0.05457248166203, -0.44361439347267, 0.78222060203552, 0.26545453071594, -0.42699837684631, 0.73880910873413, 0.16045464575291, -0.42243468761444, 0.74411553144455, 0.13197593390942, -0.42074599862099, 0.77302813529968, 0.11567607522011, -0.42825561761856, 0.80525767803192, 0.11569218337536
0.11424063891172, -0.42724367976189, -0.03316283226013, 0.05996014177799, -0.09765191376209, -0.35242667794228, -0.62820249795914, 0.80500853061676, 0.2213212698698, -0.44015821814537, 1.47661411762238, 0.36370503902435, -1.03485655784607, 1.18724417686462, 0.18176555633545, 0, 0, 0, 0, 0, 0, -0.52975118160248, 0.8674339056015, 0.21360373497009, 0.55406141281128, -0.09869802743196, 2.09977841377258, 0.09689636528492, 0.05140437930822, -0.08581595867872, 0.18003033101559, 0.01057344861329, -0.01793964579701, 0.18986248970032, 0.00659136381, 0.00940074026585, 0.17568831145763, 0.01420776173472, 0.03847927600145, 0.14762869477272, 0.02119366824627, 0.05457248166203, -0.44112640619278, 0.77320498228073, 0.26520064473152, -0.42397820949554, 0.73036098480225, 0.16005340218544, -0.4196263551712, 0.7358186841011, 0.13157013058662, -0.41859823465347, 0.76479297876358, 0.11532482504845, -0.42677813768387, 0.79685872793198, 0.11543422937393
0.00546455336735, -2.09741592407227, 0.0846451446414, 0.27044507861137, 0.45486262440681, 2.73479127883911, -0.62630367279053, 0.79222649335861, 0.2217565625906, -0.44016337394714, 1.47649765014648, 0.36356389522552, -1.03561818599701, 1.18737101554871, 0.1819881349802, 0, 0, 0, 0, 0, 0, -0.52934366464615, 0.86016857624054, 0.21380019187927, 0.55645078420639, -0.08892726153135, 2.11430096626282, 0.09689636528492, 0.05140437930822, -0.08581595867872, 0.18003033101559, 0.01057344861329, -0.01793964579701, 0.18986248970032, 0.00659136381, 0.00940074026585, 0.17568831145763, 0.01420776173472, 0.03847927600145, 0.14762869477272, 0.02119366824627, 0.05457248166203, -0.43943783640862, 0.76699352264404, 0.26509374380112, -0.42197826504707, 0.72449457645416, 0.15985770523548, -0.41775548458099, 0.73004078865051, 0.13137209415436, -0.41712436079979, 0.75904530286789, 0.11516048014164, -0.42570447921753, 0.79100602865219, 0.11532675474882
0.06317853927612, -1.60479056835175, 0.08030354231596, 0.24589216709137, 0.41956785321236, 2.50322794914246, -0.62493032217026, 0.78374928236008, 0.22206351161003, -0.44015419483185, 1.47636938095093, 0.36341452598572, -1.03604710102081, 1.18776166439056, 0.18197560310364, 0, 0, 0, 0, 0, 0, -0.5288542509079, 0.85498297214508, 0.21397495269775, 0.55809587240219, -0.08182286471128, 2.12481760978699, 0.09689636528492, 0.05140437930822, -0.08581595867872, 0.18003033101559, 0.01057344861329, -0.01793964579701, 0.18986248970032, 0.00659136381, 0.00940074026585, 0.17568831145763, 0.01420776173472, 0.03847927600145, 0.14762869477272, 0.02119366824627, 0.05457248166203, -0.43803131580353, 0.76257926225662, 0.26504766941071, -0.42035132646561, 0.72033149003983, 0.15974734723568, -0.41622287034988, 0.72594040632248, 0.13126018643379, -0.41587880253792, 0.75496351718903, 0.11507329344749, -0.42474699020386, 0.786845266819, 0.11528104543686
0.06675481796265, -1.06150388717651, 0.05389451608062, 0.14657598733902, 0.25352239608765, 1.49960315227509, -0.62373381853104, 0.77769613265991, 0.22231768071651, -0.44015607237816, 1.47624456882477, 0.36325490474701, -1.03660368919373, 1.18836724758148, 0.18186721205711, 0, 0, 0, 0, 0, 0, -0.52836835384369, 0.84168952703476, 0.21508753299713, 0.55592495203018, -0.0564193688333, 2.16784334182739, 0.09689636528492, 0.05140437930822, -0.08581595867872, 0.18003033101559, 0.01057344861329, -0.01793964579701, 0.18986248970032, 0.00659136381, 0.00940074026585, 0.17568831145763, 0.01420776173472, 0.03847927600145, 0.14762869477272, 0.02119366824627, 0.05457248166203, -0.43412166833878, 0.75288355350494, 0.26633930206299, -0.41519111394882, 0.71080672740936, 0.16118802130222, -0.41134208440781, 0.71642673015594, 0.13266395032406, -0.4120928645134, 0.74536633491516, 0.11634173244238, -0.42211139202118, 0.77690607309341, 0.11642588675022
0.07312773913145, -0.75910085439682, 0.04293501004577, 0.10453217476606, 0.18364579975605, 1.07564115524292, -0.6203595995903, 0.76105260848999, 0.22404855489731, -0.44017565250397, 1.47612285614014, 0.36309242248535, -1.03706765174866, 1.18930923938751, 0.18195176124573, 0, 0, 0, 0, 0, 0, -0.52781963348389, 0.83237218856812, 0.21586120128632, 0.55396747589111, -0.03991479799151, 2.19588232040405, 0.09689636528492, 0.05140437930822, -0.08581595867872, 0.18003033101559, 0.01057344861329, -0.01793964579701, 0.18986248970032, 0.00659136381, 0.00940074026585, 0.17568831145763, 0.01420776173472, 0.03847927600145, 0.14762869477272, 0.02119366824627, 0.05457248166203, -0.43140724301338, 0.74598568677902, 0.26721981167793, -0.41166242957115, 0.70404124259949, 0.16216543316841, -0.40799605846405, 0.70966184139252, 0.13361741602421, -0.40946039557457, 0.73852437734604, 0.11720743775368, -0.42022374272346, 0.76981788873672, 0.11721210181713
0.13179302215576, -2.15014457702637, 0.18360970914364, -0.56144261360168, 0.32026946544647, 4.36296224594116, -0.61785787343979, 0.74960577487946, 0.22523318231106, -0.44038683176041, 1.47598481178284, 0.36281943321228, -1.03730821609497, 1.19036900997162, 0.18141575157642, 0, 0, 0, 0, 0, 0, -0.52711391448975, 0.82532179355621, 0.21645712852478, 0.5519762635231, -0.02605592086911, 2.21949529647827, 0.09689636528492, 0.05140437930822, -0.08581595867872, 0.18003033101559, 0.01057344861329, -0.01793964579701, 0.18986248970032, 0.00659136381, 0.00940074026585, 0.17568831145763, 0.01420776173472, 0.03847927600145, 0.14762869477272, 0.02119366824627, 0.05457248166203, -0.42891824245453, 0.74101948738098, 0.2679004073143, -0.40848797559738, 0.69919860363007, 0.16292788088322, -0.4049756526947, 0.70481526851654, 0.1343597471714, -0.40704092383385, 0.73359882831573, 0.11787587404251, -0.4184285402298, 0.76467055082321, 0.11781395226717
0.12479781359434, -1.4789913892746, 0.12689173221588, -0.37224668264389, 0.20758344233036, 2.84474921226501, -0.61546379327774, 0.74079519510269, 0.22618089616299, -0.44052168726921, 1.4759087562561, 0.36260163784027, -1.03763711452484, 1.19146430492401, 0.18091781437397, 0, 0, 0, 0, 0, 0, -0.526211977005, 0.81940841674805, 0.21697866916656, 0.54958689212799, -0.01177997514606, 2.2438976764679, 0.09689636528492, 0.05140437930822, -0.08581595867872, 0.18003033101559, 0.01057344861329, -0.01793964579701, 0.18986248970032, 0.00659136381, 0.00940074026585, 0.17568831145763, 0.01420776173472, 0.03847927600145, 0.14762869477272, 0.02119366824627, 0.05457248166203, -0.42621278762817, 0.73730516433716, 0.26850435137749, -0.40507423877716, 0.69562345743179, 0.16361671686172, -0.40172135829926, 0.70123183727264, 0.13502779603004, -0.40440762042999, 0.72992014884949, 0.11846754699945, -0.41643741726875, 0.76074874401093, 0.11833712458611
0.14115571975708, -1.14954459667206, 0.10107278078794, -0.31821721792221, 0.17470754683018, 2.40135169029236, -0.61277490854263, 0.73309510946274, 0.22707168757915, -0.44075429439545, 1.47582793235779, 0.36237525939941, -1.03799545764923, 1.19259893894196, 0.17971980571747, 0, 0, 0, 0, 0, 0, -0.52592897415161, 0.81209623813629, 0.2162538766861, 0.54719042778015, 0.00290399370715, 2.26912975311279, 0.09689636528492, 0.05140437930822, -0.08581595867872, 0.18003033101559, 0.01057344861329, -0.01793964579701, 0.18986248970032, 0.00659136381, 0.00940074026585, 0.17568831145763, 0.01420776173472, 0.03847927600145, 0.14762869477272, 0.02119366824627, 0.05457248166203, -0.42410865426064, 0.73229318857193, 0.26782694458961, -0.40223559737206, 0.6908130645752, 0.16301000118256, -0.39904713630676, 0.69642060995102, 0.13440211117268, -0.40237507224083, 0.72500282526016, 0.11777511239052, -0.41506576538086, 0.75556498765945, 0.11758711189032
0.17319916188717, -1.02280139923096, 0.09401499480009, -0.33395799994469, 0.1806008964777, 2.49009561538696, -0.61059904098511, 0.723965883255, 0.22669520974159, -0.44097095727921, 1.47574090957642, 0.36211121082306, -1.0381178855896, 1.19385361671448, 0.17904832959175, 0, 0, 0, 0, 0, 0, -0.52533292770386, 0.80586123466492, 0.21591866016388, 0.5445305109024, 0.01713064871728, 2.29366207122803, 0.09689636528492, 0.05140437930822, -0.08581595867872, 0.18003033101559, 0.01057344861329, -0.01793964579701, 0.18986248970032, 0.00659136381, 0.00940074026585, 0.17568831145763, 0.01420776173472, 0.03847927600145, 0.14762869477272, 0.02119366824627, 0.05457248166203, -0.4217843413353, 0.72834026813507, 0.2675313949585, -0.39919883012772, 0.68707019090652, 0.16278271377087, -0.39617067575455, 0.69267284870148, 0.13415645062923, -0.40012228488922, 0.72113788127899, 0.11746500432491, -0.41345202922821, 0.75142633914948, 0.11722184717655
0.1082754060626, -1.20053517818451, -0.05540907010436, -0.29886275529861, 0.18344357609749, 2.58093237876892, -0.60811877250671, 0.71599912643433, 0.22670277953148, -0.44122624397278, 1.47563493251801, 0.36188161373138, -1.03823494911194, 1.19500756263733, 0.17797070741653, 0, 0, 0, 0, 0, 0, -0.52389752864838, 0.79945009946823, 0.21594440937042, 0.53930693864822, 0.04103277623653, 2.33510088920593, 0.09689636528492, 0.05140437930822, -0.08581595867872, 0.18003033101559, 0.01057344861329, -0.01793964579701, 0.18986248970032, 0.00659136381, 0.00940074026585, 0.17568831145763, 0.01420776173472, 0.03847927600145, 0.14762869477272, 0.02119366824627, 0.05457248166203, -0.41752603650093, 0.72588640451431, 0.26760840415955, -0.39374098181725, 0.68500411510468, 0.16297319531441, -0.39098459482193, 0.69058990478516, 0.13431617617607, -0.3959889113903, 0.71882516145706, 0.1175173074007, -0.41039007902145, 0.74861824512482, 0.11718335002661
0.15075443685055, -1.06166124343872, -0.0087296962738, -0.29420384764671, 0.17895650863647, 2.52121424674988, -0.60340189933777, 0.70674222707748, 0.2273158878088, -0.4414969086647, 1.47553515434265, 0.36163079738617, -1.03842830657959, 1.19639539718628, 0.17706064879894, 0, 0, 0, 0, 0, 0, -0.52231913805008, 0.7934844493866, 0.21609890460968, 0.53332984447479, 0.06416188180447, 2.37551259994507, 0.09689636528492, 0.05140437930822, -0.08581595867872, 0.18003033101559, 0.01057344861329, -0.01793964579701, 0.18986248970032, 0.00659136381, 0.00940074026585, 0.17568831145763, 0.01420776173472, 0.03847927600145, 0.14762869477272, 0.02119366824627, 0.05457248166203, -0.4133141040802, 0.72390466928482, 0.2677925825119, -0.38836431503296, 0.68344223499298, 0.1632654517889, -0.38587403297424, 0.68900108337402, 0.13457886874676, -0.39190393686295, 0.71697342395782, 0.11767722666264, -0.40733987092972, 0.74624270200729, 0.1172579228878
0.32185074687004, -1.29728066921234, 0.0580930672586, -0.50251227617264, 0.30310985445976, 4.27608585357666, -0.59850227832794, 0.69809985160828, 0.22805280983448, -0.44175016880035, 1.47542703151703, 0.36139035224915, -1.03848898410797, 1.19778907299042, 0.17626264691353, 0, 0, 0, 0, 0, 0, -0.52332985401154, 0.79125672578812, 0.21633338928223, 0.53091198205948, 0.07555424422026, 2.39633464813232, 0.09689636528492, 0.05140437930822, -0.08581595867872, 0.18003033101559, 0.01057344861329, -0.01793964579701, 0.18986248970032, 0.00659136381, 0.00940074026585, 0.17568831145763, 0.01420776173472, 0.03847927600145, 0.14762869477272, 0.02119366824627, 0.05457248166203, -0.41304326057434, 0.72371798753738, 0.26801577210426, -0.38745194673538, 0.6835909485817, 0.16351446509361, -0.38508594036102, 0.68916040658951, 0.13481941819191, -0.39163407683372, 0.71699953079224, 0.11789064109325, -0.40759661793709, 0.74598461389542, 0.11745055019855
0.35470959544182, -1.22868764400482, 0.07439195364714, -0.49728918075562, 0.29742151498795, 4.20259523391724, -0.59776747226715, 0.69452530145645, 0.22846101224422, -0.44208812713623, 1.47532093524933, 0.3611398935318, -1.03865718841553, 1.19906640052795, 0.17531271278858, 0, 0, 0, 0, 0, 0, -0.52343958616257, 0.78819531202316, 0.21656906604767, 0.52747881412506, 0.09006575495005, 2.42295956611633, 0.09689636528492, 0.05140437930822, -0.08581595867872, 0.18003033101559, 0.01057344861329, -0.01793964579701, 0.18986248970032, 0.00659136381, 0.00940074026585, 0.17568831145763, 0.01420776173472, 0.03847927600145, 0.14762869477272, 0.02119366824627, 0.05457248166203, -0.41156235337257, 0.72331100702286, 0.26823329925537, -0.38515746593475, 0.68362802267075, 0.16376483440399, -0.38295140862465, 0.68920683860779, 0.13505887985229, -0.39016103744507, 0.71686071157455, 0.11809527873993, -0.40679183602333, 0.74546724557877, 0.11762884259224
-0.02869605831802, -0.52910327911377, 0.04607319459319, -0.1390868127346, 0.09932538866997, 2.16836738586426, -0.59560143947601, 0.68978273868561, 0.22892341017723, -0.44238039851189, 1.47519540786743, 0.36086869239807, -1.03872394561768, 1.20045173168182, 0.17459890246391, 0, 0, 0, 0, 0, 0, -0.52257764339447, 0.78421008586884, 0.21685707569122, 0.52164620161057, 0.11163327842951, 2.46278738975525, 0.09689636528492, 0.05140437930822, -0.08581595867872, 0.18003033101559, 0.01057344861329, -0.01793964579701, 0.18986248970032, 0.00659136381, 0.00940074026585, 0.17568831145763, 0.01420776173472, 0.03847927600145, 0.14762869477272, 0.02119366824627, 0.05457248166203, -0.40842401981354, 0.72338908910751, 0.26848495006561, -0.38081586360931, 0.68440473079681, 0.16406452655792, -0.37885102629662, 0.68998938798904, 0.13534216582775, -0.38704758882523, 0.71733486652374, 0.11832690984011, -0.40466672182083, 0.74534279108047, 0.11782219260931
0.11259555071592, -0.700778901577, 0.05190252885222, -0.18219299614429, 0.12817864120007, 2.77906680107117, -0.59124350547791, 0.68337017297745, 0.22955766320229, -0.44270119071007, 1.47505402565002, 0.36062514781952, -1.03879904747009, 1.20176184177399, 0.1733815073967, 0, 0, 0, 0, 0, 0, -0.5204735994339, 0.77913403511047, 0.2172474861145, 0.51122653484344, 0.14396178722382, 2.52319860458374, 0.09689636528492, 0.05140437930822, -0.08581595867872, 0.18003033101559, 0.01057344861329, -0.01793964579701, 0.18986248970032, 0.00659136381, 0.00940074026585, 0.17568831145763, 0.01420776173472, 0.03847927600145, 0.14762869477272, 0.02119366824627, 0.05457248166203, -0.40311133861542, 0.72468709945679, 0.26879662275314, -0.37371036410332, 0.68684649467468, 0.16444486379623, -0.37211531400681, 0.69242173433304, 0.13569778203964, -0.38180136680603, 0.71922731399536, 0.11860632896423, -0.40089237689972, 0.74625235795975, 0.1180472522974
0.30713793635368, -0.97403520345688, 0.07117331027985, -0.27976775169373, 0.19418327510357, 4.1862096786499, -0.58362513780594, 0.6748189330101, 0.23048534989357, -0.44295421242714, 1.47491693496704, 0.36035716533661, -1.03932011127472, 1.20241832733154, 0.17347726225853, 0, 0, 0, 0, 0, 0, -0.52025151252747, 0.78129172325134, 0.21756768226624, 0.51561242341995, 0.15996058285236, 2.54701089859009, 0.09689636528492, 0.05140437930822, -0.08581595867872, 0.18003033101559, 0.01057344861329, -0.01793964579701, 0.18986248970032, 0.00659136381, 0.00940074026585, 0.17568831145763, 0.01420776173472, 0.03847927600145, 0.14762869477272, 0.02119366824627, 0.05457248166203, -0.40160861611366, 0.72880399227142, 0.26820939779282, -0.3719202876091, 0.69233107566833, 0.16345274448395, -0.37056189775467, 0.69815039634705, 0.13474190235138, -0.38085207343102, 0.72488468885422, 0.11789354681969, -0.4004772901535, 0.75152879953384, 0.11761836707592
0.59779638051987, -1.35383594036102, 0.10506569594145, -0.43650126457214, 0.29898247122765, 6.41411542892456, -0.58126443624496, 0.67564785480499, 0.23028790950775, -0.44324222207069, 1.47477579116821, 0.36008834838867, -1.04029059410095, 1.20278739929199, 0.17343331873417, 0, 0, 0, 0, 0, 0, -0.52007853984833, 0.7821643948555, 0.21776449680328, 0.51802575588226, 0.17033635079861, 2.56251835823059, 0.09689636528492, 0.05140437930822, -0.08581595867872, 0.18003033101559, 0.01057344861329, -0.01793964579701, 0.18986248970032, 0.00659136381, 0.00940074026585, 0.17568831145763, 0.01420776173472, 0.03847927600145, 0.14762869477272, 0.02119366824627, 0.05457248166203, -0.400630235672, 0.73098111152649, 0.26784491539001, -0.37076145410538, 0.69537454843521, 0.16284182667732, -0.36955699324608, 0.70134234428406, 0.13415460288525, -0.38023722171783, 0.72801840305328, 0.11745744943619, -0.40020507574081, 0.75440800189972, 0.11735786497593
0.16361473500729, -0.00931978132576, 0.04498779401183, 0.89644533395767, 0.51597553491592, 2.37892961502075, -0.57968896627426, 0.67568469047546, 0.23016080260277, -0.44353526830673, 1.47463989257813, 0.35977447032928, -1.04178619384766, 1.2027839422226, 0.17372873425484, 0, 0, 0, 0, 0, 0, -0.51971507072449, 0.7823446393013, 0.2178738117218, 0.52027714252472, 0.181730017066, 2.57961988449097, 0.09689636528492, 0.05140437930822, -0.08581595867872, 0.18003033101559, 0.01057344861329, -0.01793964579701, 0.18986248970032, 0.00659136381, 0.00940074026585, 0.17568831145763, 0.01420776173472, 0.03847927600145, 0.14762869477272, 0.02119366824627, 0.05457248166203, -0.39940431714058, 0.73262679576874, 0.26736253499985, -0.36934149265289, 0.69795292615891, 0.16210302710533, -0.36830639839172, 0.70407474040985, 0.13344165682793, -0.37941390275955, 0.73067593574524, 0.11690451204777, -0.3997551202774, 0.75677883625031, 0.11698997765779
0.11272429674864, -0.06835699081421, 0.02724945358932, 0.55108147859573, 0.3252364397049, 1.54663622379303, -0.57776892185211, 0.67496919631958, 0.22992616891861, -0.44389247894287, 1.47452449798584, 0.3594001531601, -1.04306924343109, 1.20242285728455, 0.17438293993473, 0, 0, 0, 0, 0, 0, -0.51883900165558, 0.78188455104828, 0.21788156032562, 0.52325618267059, 0.20041298866272, 2.607754945755, 0.09689636528492, 0.05140437930822, -0.08581595867872, 0.18003033101559, 0.01057344861329, -0.01793964579701, 0.18986248970032, 0.00659136381, 0.00940074026585, 0.17568831145763, 0.01420776173472, 0.03847927600145, 0.14762869477272, 0.02119366824627, 0.05457248166203, -0.39716601371765, 0.73462533950806, 0.2664400935173, -0.36680138111115, 0.70145487785339, 0.16078343987465, -0.36604565382004, 0.70781409740448, 0.13216505944729, -0.37784993648529, 0.73427140712738, 0.11588175594807, -0.39879477024078, 0.75988990068436, 0.11625884473324
0.1476359218359, -0.16792057454586, 0.01665115356445, 0.57880032062531, 0.34948951005936, 1.70912754535675, -0.57431066036224, 0.67309284210205, 0.22938162088394, -0.44428601861, 1.47441124916077, 0.35898303985596, -1.04425454139709, 1.20180857181549, 0.1752702742815, 0, 0, 0, 0, 0, 0, -0.51958477497101, 0.78556376695633, 0.21762800216675, 0.53249138593674, 0.20510618388653, 2.61056756973267, 0.09689636528492, 0.05140437930822, -0.08581595867872, 0.18003033101559, 0.01057344861329, -0.01793964579701, 0.18986248970032, 0.00659136381, 0.00940074026585, 0.17568831145763, 0.01420776173472, 0.03847927600145, 0.14762869477272, 0.02119366824627, 0.05457248166203, -0.39772936701775, 0.73790895938873, 0.26533505320549, -0.36769461631775, 0.70576363801956, 0.15926803648472, -0.36703592538834, 0.71239578723907, 0.13070929050446, -0.37890687584877, 0.73900085687637, 0.11471776664257, -0.39986327290535, 0.76460337638855, 0.11540771275759
0.28199672698975, -0.36367890238762, 0.00523745967075, 0.90654993057251, 0.55895358324051, 2.80494070053101, -0.57496351003647, 0.67663758993149, 0.22827161848545, -0.44472435116768, 1.4743344783783, 0.35854613780975, -1.04532253742218, 1.20130884647369, 0.17616076767445, 0, 0, 0, 0, 0, 0, -0.52051275968552, 0.78972733020782, 0.21747398376465, 0.54066073894501, 0.20983874797821, 2.61393475532532, 0.09689636528492, 0.05140437930822, -0.08581595867872, 0.18003033101559, 0.01057344861329, -0.01793964579701, 0.18986248970032, 0.00659136381, 0.00940074026585, 0.17568831145763, 0.01420776173472, 0.03847927600145, 0.14762869477272, 0.02119366824627, 0.05457248166203, -0.39845994114876, 0.74180614948273, 0.26440328359604, -0.36870872974396, 0.71060794591904, 0.15797418355942, -0.36814367771149, 0.7174859046936, 0.12947160005569, -0.38009303808212, 0.74421352148056, 0.11374502629042, -0.40107637643814, 0.76978474855423, 0.11471791565418
-0.08669614046812, 0.43829438090324, -0.06142615899444, 1.14741885662079, 0.39440554380417, 0.06438732892275, -0.57573533058167, 0.68064945936203, 0.22734777629375, -0.44516912102699, 1.47424709796906, 0.3581371307373, -1.04617202281952, 1.20064055919647, 0.17743636667728, 0, 0, 0, 0, 0, 0, -0.52140641212463, 0.79335540533066, 0.21725678443909, 0.55052435398102, 0.21628350019455, 2.61908411979675, 0.09689636528492, 0.05140437930822, -0.08581595867872, 0.18003033101559, 0.01057344861329, -0.01793964579701, 0.18986248970032, 0.00659136381, 0.00940074026585, 0.17568831145763, 0.01420776173472, 0.03847927600145, 0.14762869477272, 0.02119366824627, 0.05457248166203, -0.39907193183899, 0.7452141046524, 0.26321732997894, -0.36965519189835, 0.71520888805389, 0.15635314583778, -0.36921316385269, 0.72238886356354, 0.1279229670763, -0.38128063082695, 0.74925434589386, 0.11252497881651, -0.40231621265411, 0.77476692199707, 0.11384712904692
-0.10364054888487, 0.48799750208855, -0.04569768533111, 1.02922701835632, 0.36081039905548, 0.13787977397442, -0.57635152339935, 0.68405610322952, 0.22618409991264, -0.4455418586731, 1.47414898872375, 0.35773766040802, -1.04674553871155, 1.20048666000366, 0.17836326360703, 0, 0, 0, 0, 0, 0, -0.52214252948761, 0.79611426591873, 0.21691632270813, 0.56281745433807, 0.22532126307487, 2.62695240974426, 0.09689636528492, 0.05140437930822, -0.08581595867872, 0.18003033101559, 0.01057344861329, -0.01793964579701, 0.18986248970032, 0.00659136381, 0.00940074026585, 0.17568831145763, 0.01420776173472, 0.03847927600145, 0.14762869477272, 0.02119366824627, 0.05457248166203, -0.39940232038498, 0.74783164262772, 0.26163002848625, -0.37039664387703, 0.71937996149063, 0.15422990918159, -0.37012130022049, 0.72694325447083, 0.12589719891548, -0.38236600160599, 0.7539666891098, 0.11092113703489, -0.40349143743515, 0.77937775850296, 0.11268883943558
-0.09158848971128, 0.41079995036125, -0.05890845879912, 1.26272070407867, 0.45063439011574, 0.26481702923775, -0.5766282081604, 0.68649357557297, 0.22463755309582, -0.44590976834297, 1.47406411170959, 0.35733342170715, -1.04743587970734, 1.20030891895294, 0.17906354367733, 0, 0, 0, 0, 0, 0, -0.52489960193634, 0.80457651615143, 0.21647822856903, 0.5734555721283, 0.21971310675144, 2.6110155582428, 0.09689636528492, 0.05140437930822, -0.08581595867872, 0.18003033101559, 0.01057344861329, -0.01793964579701, 0.18986248970032, 0.00659136381, 0.00940074026585, 0.17568831145763, 0.01420776173472, 0.03847927600145, 0.14762869477272, 0.02119366824627, 0.05457248166203, -0.40279093384743, 0.75407373905182, 0.260462641716, -0.37454116344452, 0.72597682476044, 0.15276801586151, -0.37423139810562, 0.73374539613724, 0.12449125945568, -0.38610035181046, 0.76106518507004, 0.10975234210491, -0.40682518482208, 0.78678548336029, 0.11177159845829
-0.06063222512603, 0.28710362315178, -0.08221148699522, 1.61946260929108, 0.58723890781403, 0.46004870533943, -0.58105081319809, 0.69575566053391, 0.22355416417122, -0.44626569747925, 1.4739807844162, 0.35694622993469, -1.04810845851898, 1.19994485378265, 0.17958153784275, 0, 0, 0, 0, 0, 0, -0.5271942615509, 0.81107008457184, 0.21614706516266, 0.58258593082428, 0.21528588235378, 2.5980281829834, 0.09689636528492, 0.05140437930822, -0.08581595867872, 0.18003033101559, 0.01057344861329, -0.01793964579701, 0.18986248970032, 0.00659136381, 0.00940074026585, 0.17568831145763, 0.01420776173472, 0.03847927600145, 0.14762869477272, 0.02119366824627, 0.05457248166203, -0.40561646223068, 0.75874638557434, 0.25946861505508, -0.37800604104996, 0.73100596666336, 0.15151607990265, -0.37767267227173, 0.7389560341835, 0.12329008430243, -0.38923513889313, 0.7665194272995, 0.10876268148422, -0.40962889790535, 0.79248470067978, 0.11100654304028
-0.45244213938713, 1.22367370128632, -0.07091045379639, 0.88874596357346, 0.35580351948738, -1.85203659534454, -0.5846933722496, 0.70292013883591, 0.22266210615635, -0.44658395648003, 1.47394061088562, 0.35652816295624, -1.04910492897034, 1.19960141181946, 0.18040810525417, 0, 0, 0, 0, 0, 0, -0.52914071083069, 0.815858066082, 0.21587002277374, 0.59171891212463, 0.21127742528915, 2.58577060699463, 0.09689636528492, 0.05140437930822, -0.08581595867872, 0.18003033101559, 0.01057344861329, -0.01793964579701, 0.18986248970032, 0.00659136381, 0.00940074026585, 0.17568831145763, 0.01420776173472, 0.03847927600145, 0.14762869477272, 0.02119366824627, 0.05457248166203, -0.40807667374611, 0.76179903745651, 0.25849410891533, -0.38109484314919, 0.73446488380432, 0.15027931332588, -0.38074418902397, 0.74260169267654, 0.12210678309202, -0.39201718568802, 0.77039861679077, 0.10779843479395, -0.41209387779236, 0.79658877849579, 0.11027504503727
-0.37224051356316, 0.95066779851913, -0.05393743142486, 0.78638970851898, 0.31952494382858, -1.50774574279785, -0.58790630102158, 0.70835816860199, 0.22181728482246, -0.44690415263176, 1.47389054298401, 0.35610091686249, -1.05007433891296, 1.19897842407227, 0.18122696876526, 0, 0, 0, 0, 0, 0, -0.53093254566193, 0.81955152750015, 0.21558606624603, 0.60249418020248, 0.20704807341099, 2.57218480110168, 0.09689636528492, 0.05140437930822, -0.08581595867872, 0.18003033101559, 0.01057344861329, -0.01793964579701, 0.18986248970032, 0.00659136381, 0.00940074026585, 0.17568831145763, 0.01420776173472, 0.03847927600145, 0.14762869477272, 0.02119366824627, 0.05457248166203, -0.41045260429382, 0.76354867219925, 0.2573467195034, -0.38419824838638, 0.73675191402435, 0.14881902933121, -0.38383439183235, 0.7451149225235, 0.12071298807859, -0.39478629827499, 0.77317517995834, 0.10667176544666, -0.41450601816177, 0.79960709810257, 0.10943216085434
-0.32335278391838, 0.73817247152328, -0.0460320673883, 0.81315642595291, 0.3344062268734, -1.43144536018372, -0.59109610319138, 0.71279215812683, 0.22085677087307, -0.4471920132637, 1.47388601303101, 0.35567164421082, -1.05114722251892, 1.19819247722626, 0.18225295841694, 0, 0, 0, 0, 0, 0, -0.53267359733582, 0.82446980476379, 0.21445846557617, 0.60903215408325, 0.19510100781918, 2.5495867729187, 0.09689636528492, 0.05140437930822, -0.08581595867872, 0.18003033101559, 0.01057344861329, -0.01793964579701, 0.18986248970032, 0.00659136381, 0.00940074026585, 0.17568831145763, 0.01420776173472, 0.03847927600145, 0.14762869477272, 0.02119366824627, 0.05457248166203, -0.41327184438705, 0.76601481437683, 0.25595447421074, -0.38764232397079, 0.73900461196899, 0.14733038842678, -0.38714051246643, 0.74743497371674, 0.11924658715725, -0.39755547046661, 0.77574133872986, 0.10529114305973, -0.41675329208374, 0.80254530906677, 0.10814121365547
-0.31268832087517, 0.62669271230698, -0.04738747701049, 0.98613613843918, 0.40961396694183, -1.58947086334229, -0.59490364789963, 0.71889042854309, 0.21949930489063, -0.44752877950668, 1.4739043712616, 0.35524034500122, -1.05241882801056, 1.19733929634094, 0.18342317640781, 0, 0, 0, 0, 0, 0, -0.53417080640793, 0.8282505273819, 0.21365535259247, 0.6145458817482, 0.18535193800926, 2.53103542327881, 0.09689636528492, 0.05140437930822, -0.08581595867872, 0.18003033101559, 0.01057344861329, -0.01793964579701, 0.18986248970032, 0.00659136381, 0.00940074026585, 0.17568831145763, 0.01420776173472, 0.03847927600145, 0.14762869477272, 0.02119366824627, 0.05457248166203, -0.41568022966385, 0.76779252290726, 0.25489243865013, -0.39058113098145, 0.74065393209457, 0.14617651700974, -0.38996970653534, 0.74914675951004, 0.11811373382807, -0.39994406700134, 0.77765119075775, 0.10423976182938, -0.41870927810669, 0.80475068092346, 0.10717555135489
-0.34630534052849, 0.85789912939072, -0.14166355133057, 0.32334989309311, 0.11041534692049, -2.33935642242432, -0.59807306528091, 0.72366487979889, 0.21848613023758, -0.44786030054092, 1.47394669055939, 0.35477364063263, -1.05339300632477, 1.19720852375031, 0.18361315131187, 0, 0, 0, 0, 0, 0, -0.53550815582275, 0.83128756284714, 0.21306180953979, 0.61946713924408, 0.17700845003128, 2.51503705978394, 0.09689636528492, 0.05140437930822, -0.08581595867872, 0.18003033101559, 0.01057344861329, -0.01793964579701, 0.18986248970032, 0.00659136381, 0.00940074026585, 0.17568831145763, 0.01420776173472, 0.03847927600145, 0.14762869477272, 0.02119366824627, 0.05457248166203, -0.41782146692276, 0.7691068649292, 0.25403839349747, -0.39319455623627, 0.74189782142639, 0.14523214101791, -0.39249181747437, 0.75045150518417, 0.11718996614218, -0.40208649635315, 0.7791246175766, 0.1033960878849, -0.42047542333603, 0.80647158622742, 0.10641662031412
-0.2882122695446, 0.67480796575546, -0.10111927241087, 0.3050302863121, 0.10866344720125, -1.91438400745392, -0.60083520412445, 0.7275767326355, 0.21769231557846, -0.44827115535736, 1.47396814823151, 0.35432136058807, -1.05385041236877, 1.19667863845825, 0.18414768576622, 0, 0, 0, 0, 0, 0, -0.5367773771286, 0.83388096094131, 0.21259713172913, 0.62434828281403, 0.16909576952457, 2.4997410774231, 0.09689636528492, 0.05140437930822, -0.08581595867872, 0.18003033101559, 0.01057344861329, -0.01793964579701, 0.18986248970032, 0.00659136381, 0.00940074026585, 0.17568831145763, 0.01420776173472, 0.03847927600145, 0.14762869477272, 0.02119366824627, 0.05457248166203, -0.41987439990044, 0.77005624771118, 0.25328850746155, -0.39571246504784, 0.7428183555603, 0.14438526332378, -0.39492538571358, 0.75143706798553, 0.1163652613759, -0.40415748953819, 0.78027009963989, 0.10265748947859, -0.42218396067619, 0.80784714221954, 0.10576944798231
-0.25108337402344, 0.55614709854126, -0.07490336149931, 0.29883876442909, 0.10962106287479, -1.64740538597107, -0.60345160961151, 0.73102182149887, 0.21701803803444, -0.44870766997337, 1.47406935691834, 0.3538191318512, -1.05409407615662, 1.19675874710083, 0.18405286967754, 0, 0, 0, 0, 0, 0, -0.53774493932724, 0.84091103076935, 0.21175527572632, 0.62673091888428, 0.15279868245125, 2.47055125236511, 0.09689636528492, 0.05140437930822, -0.08581595867872, 0.18003033101559, 0.01057344861329, -0.01793964579701, 0.18986248970032, 0.00659136381, 0.00940074026585, 0.17568831145763, 0.01420776173472, 0.03847927600145, 0.14762869477272, 0.02119366824627, 0.05457248166203, -0.42235681414604, 0.77438771724701, 0.25244814157486, -0.39893668889999, 0.74642819166183, 0.14356574416161, -0.3979679942131, 0.75498563051224, 0.11553264409304, -0.40652430057526, 0.78401005268097, 0.10179029405117, -0.42388859391212, 0.81201165914536, 0.10487629473209
-0.23633478581905, 0.49537178874016, -0.05883514508605, 0.31956544518471, 0.11964137852192, -1.56796145439148, -0.60683816671371, 0.73966991901398, 0.21637716889381, -0.44919472932816, 1.47418284416199, 0.35330188274384, -1.05402624607086, 1.19669437408447, 0.1840682476759, 0, 0, 0, 0, 0, 0, -0.53858780860901, 0.84656381607056, 0.21107065677643, 0.62850046157837, 0.14104370772839, 2.44935512542725, 0.09689636528492, 0.05140437930822, -0.08581595867872, 0.18003033101559, 0.01057344861329, -0.01793964579701, 0.18986248970032, 0.00659136381, 0.00940074026585, 0.17568831145763, 0.01420776173472, 0.03847927600145, 0.14762869477272, 0.02119366824627, 0.05457248166203, -0.42433458566666, 0.77809298038483, 0.25173544883728, -0.40147572755814, 0.74965184926987, 0.14285850524902, -0.40037930011749, 0.75817012786865, 0.1148182079196, -0.40844386816025, 0.7873272895813, 0.10105945169926, -0.42532095313072, 0.81562626361847, 0.10413587838411
-0.26179075241089, 1.17678153514862, -0.08101879805326, -0.1720318198204, 0.09570226818323, -2.85174703598022, -0.60941189527512, 0.74653172492981, 0.2158175855875, -0.44966793060303, 1.47429633140564, 0.35278010368347, -1.05366957187653, 1.19690990447998, 0.18411500751972, 0, 0, 0, 0, 0, 0, -0.53942346572876, 0.85117065906525, 0.21052873134613, 0.63004320859909, 0.13138093054295, 2.43180918693542, 0.09689636528492, 0.05140437930822, -0.08581595867872, 0.18003033101559, 0.01057344861329, -0.01793964579701, 0.18986248970032, 0.00659136381, 0.00940074026585, 0.17568831145763, 0.01420776173472, 0.03847927600145, 0.14762869477272, 0.02119366824627, 0.05457248166203, -0.42613130807877, 0.7810931801796, 0.25114551186562, -0.40375304222107, 0.75228607654572, 0.14226490259171, -0.40255397558212, 0.76077687740326, 0.11422045528889, -0.41021102666855, 0.79004067182541, 0.10045530647039, -0.42668074369431, 0.81857872009277, 0.10353150963783
-0.20196674764156, 0.92246526479721, -0.0678938627243, -0.09144271910191, 0.08311013877392, -2.06958317756653, -0.61166387796402, 0.7521607875824, 0.21536275744438, -0.45013922452927, 1.47439253330231, 0.35224807262421, -1.05288052558899, 1.19715046882629, 0.18403816223145, 0, 0, 0, 0, 0, 0, -0.54027909040451, 0.85507035255432, 0.21008956432343, 0.63152140378952, 0.12269508838654, 2.41593074798584, 0.09689636528492, 0.05140437930822, -0.08581595867872, 0.18003033101559, 0.01057344861329, -0.01793964579701, 0.18986248970032, 0.00659136381, 0.00940074026585, 0.17568831145763, 0.01420776173472, 0.03847927600145, 0.14762869477272, 0.02119366824627, 0.05457248166203, -0.42787325382233, 0.78354275226593, 0.25064092874527, -0.40594267845154, 0.75443249940872, 0.1417498588562, -0.40465319156647, 0.76290279626846, 0.11370323598385, -0.41194123029709, 0.792260825634, 0.09993851929903, -0.42803919315338, 0.821009516716, 0.10302123427391
-0.18058775365353, 0.75633281469345, -0.05331337079406, -0.04769878089428, 0.07973140478134, -1.71177661418915, -0.61378806829453, 0.75700181722641, 0.21498867869377, -0.45057597756386, 1.47448742389679, 0.35169732570648, -1.05215728282928, 1.19797372817993, 0.1837839782238, 0, 0, 0, 0, 0, 0, -0.53966653347015, 0.86011564731598, 0.21029448509216, 0.62869918346405, 0.10836628824472, 2.39194369316101, 0.09689636528492, 0.05140437930822, -0.08581595867872, 0.18003033101559, 0.01057344861329, -0.01793964579701, 0.18986248970032, 0.00659136381, 0.00940074026585, 0.17568831145763, 0.01420776173472, 0.03847927600145, 0.14762869477272, 0.02119366824627, 0.05457248166203, -0.42864042520523, 0.78667891025543, 0.2512326836586, -0.40724873542786, 0.75661051273346, 0.14249490201473, -0.40579503774643, 0.76491349935532, 0.11440629512072, -0.41252419352531, 0.79433447122574, 0.10049216449261, -0.42807561159134, 0.82339781522751, 0.10342618823051
-0.17287729680538, 0.65320008993149, -0.04209458455443, -0.01891906559467, 0.08121468871832, -1.54355978965759, -0.61501902341843, 0.76348173618317, 0.21566952764988, -0.45103487372398, 1.47456169128418, 0.35117185115814, -1.05108749866486, 1.19833111763, 0.18382842838764, 0, 0, 0, 0, 0, 0, -0.53971803188324, 0.86473345756531, 0.21046328544617, 0.62532758712769, 0.09164825826883, 2.36365389823914, 0.09689636528492, 0.05140437930822, -0.08581595867872, 0.18003033101559, 0.01057344861329, -0.01793964579701, 0.18986248970032, 0.00659136381, 0.00940074026585, 0.17568831145763, 0.01420776173472, 0.03847927600145, 0.14762869477272, 0.02119366824627, 0.05457248166203, -0.43037128448486, 0.78905427455902, 0.25183522701263, -0.40965417027473, 0.75790011882782, 0.14327263832092, -0.40801286697388, 0.76600968837738, 0.11513791978359, -0.41407883167267, 0.79549533128738, 0.10105685889721, -0.42897388339043, 0.82491666078568, 0.10382410138845
-0.02448320202529, 0.87620967626572, 0.04788994416595, -0.60302650928497, -0.02308687567711, -2.26928663253784, -0.61722177267075, 0.7698478102684, 0.21636952459812, -0.45148295164108, 1.47466516494751, 0.35061371326447, -1.05026423931122, 1.19966018199921, 0.18310479819775, 0, 0, 0, 0, 0, 0, -0.54035985469818, 0.86927312612534, 0.21064019203186, 0.62089306116104, 0.07068377733231, 2.32775735855103, 0.09689636528492, 0.05140437930822, -0.08581595867872, 0.18003033101559, 0.01057344861329, -0.01793964579701, 0.18986248970032, 0.00659136381, 0.00940074026585, 0.17568831145763, 0.01420776173472, 0.03847927600145, 0.14762869477272, 0.02119366824627, 0.05457248166203, -0.43322598934174, 0.7907702922821, 0.252536714077, -0.41342014074326, 0.75829899311066, 0.14419022202492, -0.41154915094376, 0.76616710424423, 0.11600133776665, -0.41676786541939, 0.79571855068207, 0.10171995311975, -0.43081241846085, 0.82557314634323, 0.10428593307734
-0.11584281176329, 0.87807649374008, 0.04609465226531, -0.67814362049103, -0.01429744251072, -2.69913673400879, -0.62055349349976, 0.77669239044189, 0.21718107163906, -0.45190358161926, 1.47472047805786, 0.35006856918335, -1.04939377307892, 1.20053887367249, 0.18286861479282, 0, 0, 0, 0, 0, 0, -0.5408890247345, 0.87318456172943, 0.21070408821106, 0.61750650405884, 0.05527628213167, 2.30105638504028, 0.09689636528492, 0.05140437930822, -0.08581595867872, 0.18003033101559, 0.01057344861329, -0.01793964579701, 0.18986248970032, 0.00659136381, 0.00940074026585, 0.17568831145763, 0.01420776173472, 0.03847927600145, 0.14762869477272, 0.02119366824627, 0.05457248166203, -0.43546062707901, 0.79259777069092, 0.25296872854233, -0.41637226939201, 0.75919443368912, 0.14477691054344, -0.41433665156364, 0.76688671112061, 0.11655090004206, -0.41892123222351, 0.79647529125214, 0.10212954878807, -0.43232077360153, 0.82663661241531, 0.10455428063869
-0.20656584203243, 0.96251958608627, 0.05163073167205, -0.8141650557518, -0.00181896297727, -3.44410347938538, -0.62305235862732, 0.78238034248352, 0.21768763661385, -0.45231708884239, 1.47479772567749, 0.34951555728912, -1.04872143268585, 1.20254564285278, 0.18141938745975, 0, 0, 0, 0, 0, 0, -0.53943431377411, 0.87556368112564, 0.21123588085175, 0.61352115869522, 0.04227083176374, 2.27983570098877, 0.09689636528492, 0.05140437930822, -0.08581595867872, 0.18003033101559, 0.01057344861329, -0.01793964579701, 0.18986248970032, 0.00659136381, 0.00940074026585, 0.17568831145763, 0.01420776173472, 0.03847927600145, 0.14762869477272, 0.02119366824627, 0.05457248166203, -0.43543046712875, 0.79339009523392, 0.25397205352783, -0.41683959960938, 0.7591427564621, 0.1459576189518, -0.41465252637863, 0.76666259765625, 0.11769648641348, -0.41871985793114, 0.79625529050827, 0.10312909632921, -0.43160301446915, 0.82665282487869, 0.10539782047272
-0.1526784747839, 0.78481429815292, 0.02869248203933, -0.56989371776581, 0.01079370081425, -2.57905983924866, -0.6231444478035, 0.7862132191658, 0.21859166026115, -0.45272767543793, 1.47487187385559, 0.34896790981293, -1.04835367202759, 1.2037296295166, 0.18065041303635, 0, 0, 0, 0, 0, 0, -0.53838276863098, 0.87785321474075, 0.21157276630402, 0.61063855886459, 0.03286500275135, 2.26430034637451, 0.09689636528492, 0.05140437930822, -0.08581595867872, 0.18003033101559, 0.01057344861329, -0.01793964579701, 0.18986248970032, 0.00659136381, 0.00940074026585, 0.17568831145763, 0.01420776173472, 0.03847927600145, 0.14762869477272, 0.02119366824627, 0.05457248166203, -0.43544203042984, 0.79452013969421, 0.25463643670082, -0.41723453998566, 0.75967854261398, 0.14674684405327, -0.41493996977806, 0.76707518100739, 0.11846175789833, -0.41862750053406, 0.79666763544083, 0.10379312932491, -0.43112772703171, 0.82723248004913, 0.10595341026783
0.1087546274066, 0.53762912750244, 0.07128238677979, -0.57900506258011, -0.09032332152128, -2.05328059196472, -0.62321525812149, 0.7895895242691, 0.21918635070324, -0.4531162083149, 1.47489631175995, 0.3484081029892, -1.04804170131683, 1.20537889003754, 0.1794285774231, 0, 0, 0, 0, 0, 0, -0.53759717941284, 0.88012939691544, 0.21179139614105, 0.60836225748062, 0.02537895180285, 2.2518093585968, 0.09689636528492, 0.05140437930822, -0.08581595867872, 0.18003033101559, 0.01057344861329, -0.01793964579701, 0.18986248970032, 0.00659136381, 0.00940074026585, 0.17568831145763, 0.01420776173472, 0.03847927600145, 0.14762869477272, 0.02119366824627, 0.05457248166203, -0.43552324175835, 0.79586482048035, 0.25510510802269, -0.41763627529144, 0.76056212186813, 0.14731180667877, -0.4152575135231, 0.76786226034164, 0.11900860071182, -0.41863909363747, 0.79745274782181, 0.10426263511181, -0.43082848191261, 0.82814866304398, 0.10633995383978
0.0804662629962, 0.46117541193962, 0.04551529511809, -0.40243285894394, -0.0574769936502, -1.50971865653992, -0.62332546710968, 0.79275292158127, 0.21960236132145, -0.45355635881424, 1.47496604919434, 0.34785497188568, -1.047727227211, 1.20653426647186, 0.1787848174572, 0, 0, 0, 0, 0, 0, -0.53709363937378, 0.88255673646927, 0.21195352077484, 0.60586595535278, 0.01713552698493, 2.23793029785156, 0.09689636528492, 0.05140437930822, -0.08581595867872, 0.18003033101559, 0.01057344861329, -0.01793964579701, 0.18986248970032, 0.00659136381, 0.00940074026585, 0.17568831145763, 0.01420776173472, 0.03847927600145, 0.14762869477272, 0.02119366824627, 0.05457248166203, -0.43599554896355, 0.79725879430771, 0.25553238391876, -0.41847681999207, 0.76146030426025, 0.14784219861031, -0.41600662469864, 0.76865535974503, 0.11951993405819, -0.41904777288437, 0.79824179410934, 0.10469191521406, -0.43088883161545, 0.82907956838608, 0.10668108612299
0.05905150994658, 0.42413946986198, 0.03016769699752, -0.3087811768055, -0.04025163128972, -1.22031891345978, -0.62380999326706, 0.79618000984192, 0.21997432410717, -0.45403441786766, 1.47506523132324, 0.34725999832153, -1.04811000823975, 1.2076758146286, 0.17815771698952, 0, 0, 0, 0, 0, 0, -0.53607904911041, 0.88303685188293, 0.21246981620789, 0.60319650173187, 0.00916093029082, 2.22727632522583, 0.09689636528492, 0.05140437930822, -0.08581595867872, 0.18003033101559, 0.01057344861329, -0.01793964579701, 0.18986248970032, 0.00659136381, 0.00940074026585, 0.17568831145763, 0.01420776173472, 0.03847927600145, 0.14762869477272, 0.02119366824627, 0.05457248166203, -0.43581295013428, 0.79698193073273, 0.25648048520088, -0.41840219497681, 0.76073127985001, 0.14892411231995, -0.41581523418427, 0.76782536506653, 0.12058679759502, -0.41856962442398, 0.79739570617676, 0.10567085444927, -0.43014469742775, 0.82834106683731, 0.10755154490471
0.02293109707534, 0.46015974879265, 0.02366244606674, -0.32812863588333, -0.03897690027952, -1.35931062698364, -0.62356150150299, 0.79744297266006, 0.22056290507317, -0.45447510480881, 1.47511792182922, 0.34666955471039, -1.04826128482819, 1.20852673053741, 0.17796815931797, 0, 0, 0, 0, 0, 0, -0.53532540798187, 0.88391351699829, 0.21284687519073, 0.60054236650467, 0.0012171525741, 2.21647500991821, 0.09689636528492, 0.05140437930822, -0.08581595867872, 0.18003033101559, 0.01057344861329, -0.01793964579701, 0.18986248970032, 0.00659136381, 0.00940074026585, 0.17568831145763, 0.01420776173472, 0.03847927600145, 0.14762869477272, 0.02119366824627, 0.05457248166203, -0.4359085559845, 0.79709047079086, 0.2572734951973, -0.41862547397614, 0.76039528846741, 0.14984732866287, -0.41592407226563, 0.76738941669464, 0.12149582058191, -0.41838836669922, 0.79694253206253, 0.10649529099464, -0.4296912252903, 0.82799452543259, 0.10827134549618
0.09489297121763, 0.18757580220699, 0.04195510968566, -0.333167552948, -0.22904318571091, -1.04552805423737, -0.62358003854752, 0.79912269115448, 0.22100935876369, -0.45495229959488, 1.47517251968384, 0.3460658788681, -1.04824078083038, 1.20953333377838, 0.17734381556511, 0, 0, 0, 0, 0, 0, -0.53475391864777, 0.88511079549789, 0.21313691139221, 0.59765768051147, -0.00738071789965, 2.20459890365601, 0.09689636528492, 0.05140437930822, -0.08581595867872, 0.18003033101559, 0.01057344861329, -0.01793964579701, 0.18986248970032, 0.00659136381, 0.00940074026585, 0.17568831145763, 0.01420776173472, 0.03847927600145, 0.14762869477272, 0.02119366824627, 0.05457248166203, -0.43627837300301, 0.79744386672974, 0.25800064206123, -0.41915380954742, 0.76027339696884, 0.15071259438992, -0.41633036732674, 0.76715940237045, 0.12234653532505, -0.41847601532936, 0.79669225215912, 0.10725729167461, -0.4294767677784, 0.82785856723785, 0.10892336070538
0.06423711776733, 0.23777244985104, 0.02594053559005, -0.32495418190956, -0.2200333327055, -1.06947255134583, -0.62385213375092, 0.80121386051178, 0.22137157618999, -0.45534318685532, 1.47518742084503, 0.34546172618866, -1.04830145835876, 1.21039712429047, 0.1769952327013, 0, 0, 0, 0, 0, 0, -0.53432190418243, 0.88659924268723, 0.21336936950684, 0.59435999393463, -0.01709542423487, 2.19098401069641, 0.09689636528492, 0.05140437930822, -0.08581595867872, 0.18003033101559, 0.01057344861329, -0.01793964579701, 0.18986248970032, 0.00659136381, 0.00940074026585, 0.17568831145763, 0.01420776173472, 0.03847927600145, 0.14762869477272, 0.02119366824627, 0.05457248166203, -0.43693655729294, 0.79796749353409, 0.25871449708939, -0.42001312971115, 0.76026582717896, 0.15158002078533, -0.41705372929573, 0.76702946424484, 0.12319839000702, -0.41883420944214, 0.79653668403625, 0.10801181197166, -0.42948517203331, 0.82783049345016, 0.10955677181482
0.04100560769439, 0.29032942652702, 0.01442313101143, -0.34349429607391, -0.22876626253128, -1.18118870258331, -0.62437999248505, 0.80374127626419, 0.22168186306953, -0.45575812458992, 1.47517478466034, 0.34484136104584, -1.04838633537292, 1.21109974384308, 0.17698757350445, 0, 0, 0, 0, 0, 0, -0.53398323059082, 0.88523948192596, 0.21375131607056, 0.59224236011505, -0.02145650424063, 2.18266010284424, 0.09689636528492, 0.05140437930822, -0.08581595867872, 0.18003033101559, 0.01057344861329, -0.01793964579701, 0.18986248970032, 0.00659136381, 0.00940074026585, 0.17568831145763, 0.01420776173472, 0.03847927600145, 0.14762869477272, 0.02119366824627, 0.05457248166203, -0.43720176815987, 0.79602402448654, 0.25924450159073, -0.42057254910469, 0.75799340009689, 0.15218022465706, -0.41757479310036, 0.76468002796173, 0.12378437072039, -0.41915500164032, 0.79416871070862, 0.1085397452116, -0.42958804965019, 0.82553869485855, 0.11002562940121
0.02185821346939, 0.34785029292107, 0.00525891734287, -0.37910094857216, -0.24861669540405, -1.35671353340149, -0.62461173534393, 0.80302530527115, 0.22225403785706, -0.45617002248764, 1.47515416145325, 0.34420764446259, -1.04834222793579, 1.21182000637054, 0.17698653042316, 0, 0, 0, 0, 0, 0, -0.53368723392487, 0.88438475131989, 0.21405863761902, 0.59041571617126, -0.0252921525389, 2.1753351688385, 0.09689636528492, 0.05140437930822, -0.08581595867872, 0.18003033101559, 0.01057344861329, -0.01793964579701, 0.18986248970032, 0.00659136381, 0.00940074026585, 0.17568831145763, 0.01420776173472, 0.03847927600145, 0.14762869477272, 0.02119366824627, 0.05457248166203, -0.43744224309921, 0.79465514421463, 0.25967857241631, -0.4210732281208, 0.75634324550629, 0.15267449617386, -0.41804176568985, 0.76296359300613, 0.12426669150591, -0.41944527626038, 0.79243570566177, 0.10897280275822, -0.42968571186066, 0.82387149333954, 0.11040835082531
0.02244472317398, -0.05914449319243, 0.05542337521911, -0.23432193696499, 0.03447637706995, -0.81959301233292, -0.6248152256012, 0.80274140834808, 0.22272184491158, -0.45652210712433, 1.47510433197021, 0.34354948997498, -1.04839491844177, 1.21290171146393, 0.17696735262871, 0, 0, 0, 0, 0, 0, -0.53337419033051, 0.88377690315247, 0.21434795856476, 0.58864110708237, -0.02907637506723, 2.16810464859009, 0.09689636528492, 0.05140437930822, -0.08581595867872, 0.18003033101559, 0.01057344861329, -0.01793964579701, 0.18986248970032, 0.00659136381, 0.00940074026585, 0.17568831145763, 0.01420776173472, 0.03847927600145, 0.14762869477272, 0.02119366824627, 0.05457248166203, -0.43766337633133, 0.79353958368301, 0.2600901722908, -0.42155241966248, 0.75495707988739, 0.15314421057701, -0.41848775744438, 0.76151323318481, 0.12472506612539, -0.41971644759178, 0.79096859693527, 0.1093840226531, -0.42976596951485, 0.82246804237366, 0.11077129840851
0.02007007412612, -0.01066446211189, 0.04484653100371, -0.20496122539043, 0.03015376999974, -0.74462354183197, -0.62499284744263, 0.80270099639893, 0.22316375374794, -0.45693120360374, 1.47506105899811, 0.34292471408844, -1.04867947101593, 1.21320366859436, 0.1772323101759, 0, 0, 0, 0, 0, 0, -0.53303599357605, 0.88337260484695, 0.21463358402252, 0.58681285381317, -0.03301483020186, 2.16057205200195, 0.09689636528492, 0.05140437930822, -0.08581595867872, 0.18003033101559, 0.01057344861329, -0.01793964579701, 0.18986248970032, 0.00659136381, 0.00940074026585, 0.17568831145763, 0.01420776173472, 0.03847927600145, 0.14762869477272, 0.02119366824627, 0.05457248166203, -0.43788647651672, 0.79260671138763, 0.2605008482933, -0.4220457971096, 0.75374865531921, 0.15361429750919, -0.41894668340683, 0.76023888587952, 0.125183776021, -0.41999283432961, 0.78967636823654, 0.1097949296236, -0.42984265089035, 0.82124096155167, 0.11113307625055
0.02285241894424, 0.01809596829116, 0.04217683896422, -0.19275100529194, 0.0282284617424, -0.72463166713715, -0.62516325712204, 0.80289208889008, 0.22360314428806, -0.45729684829712, 1.47501170635223, 0.342249751091, -1.04919600486755, 1.21404802799225, 0.17708984017372, 0, 0, 0, 0, 0, 0, -0.53269612789154, 0.87833327054977, 0.21486937999725, 0.58449083566666, -0.03382438793778, 2.15977358818054, 0.09689636528492, 0.05140437930822, -0.08581595867872, 0.18003033101559, 0.01057344861329, -0.01793964579701, 0.18986248970032, 0.00659136381, 0.00940074026585, 0.17568831145763, 0.01420776173472, 0.03847927600145, 0.14762869477272, 0.02119366824627, 0.05457248166203, -0.43763092160225, 0.78760248422623, 0.26098024845123, -0.42177987098694, 0.74848699569702, 0.15418913960457, -0.41866546869278, 0.75490963459015, 0.12574492394924, -0.41968411207199, 0.78431242704391, 0.11028806120157, -0.4295109808445, 0.81588733196259, 0.1115500330925
0.02581357769668, 0.04665612801909, 0.04167258366942, -0.19648449122906, 0.02864673919976, -0.76063323020935, -0.6248864531517, 0.79794192314148, 0.22398988902569, -0.45767065882683, 1.47495973110199, 0.34156775474548, -1.04994654655457, 1.21470248699188, 0.17743016779423, 0, 0, 0, 0, 0, 0, -0.53228390216827, 0.87325710058212, 0.21517014503479, 0.5803274512291, -0.03556992858648, 2.15778088569641, 0.09689636528492, 0.05140437930822, -0.08581595867872, 0.18003033101559, 0.01057344861329, -0.01793964579701, 0.18986248970032, 0.00659136381, 0.00940074026585, 0.17568831145763, 0.01420776173472, 0.03847927600145, 0.14762869477272, 0.02119366824627, 0.05457248166203, -0.43741279840469, 0.78254473209381, 0.26171493530273, -0.4215635061264, 0.74296283721924, 0.15509557723999, -0.41841915249825, 0.74926298856735, 0.12662729620934, -0.41937461495399, 0.77860391139984, 0.11104927957058, -0.42914515733719, 0.81020140647888, 0.11217528581619
0.03926753625274, -0.59448474645615, 0.02791642956436, -0.26904484629631, -0.04279472306371, -0.09043852239847, -0.62462532520294, 0.79307055473328, 0.22456015646458, -0.45810043811798, 1.4749231338501, 0.34090256690979, -1.0509706735611, 1.21524584293365, 0.17743922770023, 0, 0, 0, 0, 0, 0, -0.53187358379364, 0.86900752782822, 0.21548640727997, 0.57501542568207, -0.03814890235662, 2.15455317497253, 0.09689636528492, 0.05140437930822, -0.08581595867872, 0.18003033101559, 0.01057344861329, -0.01793964579701, 0.18986248970032, 0.00659136381, 0.00940074026585, 0.17568831145763, 0.01420776173472, 0.03847927600145, 0.14762869477272, 0.02119366824627, 0.05457248166203, -0.43730360269547, 0.77826452255249, 0.26258111000061, -0.42148298025131, 0.73808193206787, 0.15618240833282, -0.41829732060432, 0.74422460794449, 0.12768429517746, -0.41915509104729, 0.77348661422729, 0.1119529157877, -0.42883488535881, 0.80511772632599, 0.11290631443262
0.04569768533111, -0.58354848623276, 0.03545701503754, -0.49240961670876, -0.0779607668519, -0.21610400080681, -0.62445473670959, 0.78913873434067, 0.22521778941154, -0.45864376425743, 1.47488713264465, 0.3402316570282, -1.05190575122833, 1.21598637104034, 0.17738045752048, 0, 0, 0, 0, 0, 0, -0.53150153160095, 0.86573445796967, 0.21579360961914, 0.5691089630127, -0.04140230640769, 2.15019631385803, 0.09689636528492, 0.05140437930822, -0.08581595867872, 0.18003033101559, 0.01057344861329, -0.01793964579701, 0.18986248970032, 0.00659136381, 0.00940074026585, 0.17568831145763, 0.01420776173472, 0.03847927600145, 0.14762869477272, 0.02119366824627, 0.05457248166203, -0.43732762336731, 0.77489674091339, 0.2634953558445, -0.42156970500946, 0.73404091596603, 0.15734401345253, -0.4183349609375, 0.74000686407089, 0.1288139373064, -0.41906479001045, 0.76918095350266, 0.11291366815567, -0.42862203717232, 0.80085444450378, 0.11367624998093
0.04318713769317, -0.4682922065258, 0.03709137067199, -0.62167114019394, -0.09744193404913, -0.3449974656105, -0.62440186738968, 0.78628396987915, 0.22590054571629, -0.45922565460205, 1.47484588623047, 0.33952188491821, -1.05291652679443, 1.21712648868561, 0.1771334707737, 0, 0, 0, 0, 0, 0, -0.52972972393036, 0.8565137386322, 0.21555924415588, 0.56715643405914, -0.01689114049077, 2.19161653518677, 0.09689636528492, 0.05140437930822, -0.08581595867872, 0.18003033101559, 0.01057344861329, -0.01793964579701, 0.18986248970032, 0.00659136381, 0.00940074026585, 0.17568831145763, 0.01420776173472, 0.03847927600145, 0.14762869477272, 0.02119366824627, 0.05457248166203, -0.43234515190125, 0.76915508508682, 0.26331269741058, -0.41540390253067, 0.72855389118195, 0.15724593400955, -0.41244086623192, 0.73454314470291, 0.12869122624397, -0.41422107815742, 0.76362615823746, 0.11270725727081, -0.42487427592278, 0.79494971036911, 0.11339877545834
0.03661393746734, -0.33620592951775, 0.03573417291045, -0.70140027999878, -0.10903637856245, -0.47326186299324, -0.61978363990784, 0.77390646934509, 0.22611007094383, -0.4598260819912, 1.47485029697418, 0.33882713317871, -1.05387735366821, 1.21837794780731, 0.17682184278965, 0, 0, 0, 0, 0, 0, -0.52827453613281, 0.84952419996262, 0.2154004573822, 0.56497180461884, 0.00059756555129, 2.22121930122375, 0.09689636528492, 0.05140437930822, -0.08581595867872, 0.18003033101559, 0.01057344861329, -0.01793964579701, 0.18986248970032, 0.00659136381, 0.00940074026585, 0.17568831145763, 0.01420776173472, 0.03847927600145, 0.14762869477272, 0.02119366824627, 0.05457248166203, -0.42866396903992, 0.76473891735077, 0.26320073008537, -0.41088211536407, 0.72431802749634, 0.15720275044441, -0.40811470150948, 0.73031055927277, 0.12862908840179, -0.4106457233429, 0.75930148363113, 0.11257925629616, -0.42207649350166, 0.79035091400146, 0.11321410536766
0.29535767436028, -1.63586127758026, 0.01269042398781, -0.35664501786232, 0.26651564240456, 4.17965412139893, -0.61622124910355, 0.76472038030624, 0.2262945920229, -0.4605521261692, 1.47484350204468, 0.33814060688019, -1.05490124225616, 1.21999502182007, 0.17581118643284, 0, 0, 0, 0, 0, 0, -0.52710199356079, 0.84433764219284, 0.21530282497406, 0.56295222043991, 0.01290086563677, 2.24208188056946, 0.09689636528492, 0.05140437930822, -0.08581595867872, 0.18003033101559, 0.01057344861329, -0.01793964579701, 0.18986248970032, 0.00659136381, 0.00940074026585, 0.17568831145763, 0.01420776173472, 0.03847927600145, 0.14762869477272, 0.02119366824627, 0.05457248166203, -0.42595672607422, 0.76141440868378, 0.26314687728882, -0.40758463740349, 0.72111105918884, 0.15720480680466, -0.40495580434799, 0.72709691524506, 0.12861667573452, -0.40801617503166, 0.75600796937943, 0.11251503229141, -0.41999232769012, 0.7868520617485, 0.11310452967882
0.24527548253536, -1.21618497371674, 0.01206278707832, -0.28648045659065, 0.19331206381321, 2.99530291557312, -0.61352622509003, 0.75801634788513, 0.2264599353075, -0.46114420890808, 1.47481417655945, 0.33745276927948, -1.05569291114807, 1.22172045707703, 0.17509908974171, 0, 0, 0, 0, 0, 0, -0.52601253986359, 0.84020274877548, 0.21527194976807, 0.56074512004852, 0.02390810102224, 2.26078009605408, 0.09689636528492, 0.05140437930822, -0.08581595867872, 0.18003033101559, 0.01057344861329, -0.01793964579701, 0.18986248970032, 0.00659136381, 0.00940074026585, 0.17568831145763, 0.01420776173472, 0.03847927600145, 0.14762869477272, 0.02119366824627, 0.05457248166203, -0.42351540923119, 0.75898635387421, 0.26316675543785, -0.40461552143097, 0.71877574920654, 0.15728230774403, -0.40211144089699, 0.72474747896194, 0.12868005037308, -0.40564659237862, 0.75357532501221, 0.1125265583396, -0.41810986399651, 0.78422671556473, 0.11306992918253
0.19633768498898, -0.88805431127548, 0.01160859968513, -0.22762958705425, 0.13791008293629, 2.11374235153198, -0.61104512214661, 0.75254327058792, 0.22668531537056, -0.46180552244186, 1.47482395172119, 0.33677589893341, -1.05636250972748, 1.2238427400589, 0.17404122650623, 0, 0, 0, 0, 0, 0, -0.52666676044464, 0.82796108722687, 0.21467077732086, 0.55934023857117, 0.06115367263556, 2.32524108886719, 0.09689636528492, 0.05140437930822, -0.08581595867872, 0.18003033101559, 0.01057344861329, -0.01793964579701, 0.18986248970032, 0.00659136381, 0.00940074026585, 0.17568831145763, 0.01420776173472, 0.03847927600145, 0.14762869477272, 0.02119366824627, 0.05457248166203, -0.41974464058876, 0.75242161750793, 0.26218006014824, -0.39899724721909, 0.7133914232254, 0.15619984269142, -0.39690917730331, 0.71951496601105, 0.12759625911713, -0.40206158161163, 0.74812030792236, 0.11148217320442, -0.41617792844772, 0.77804505825043, 0.11209317296743
0.18476484715939, -0.73415988683701, 0.01850545220077, -0.22987829148769, 0.125503718853, 1.90410709381104, -0.6067521572113, 0.73578041791916, 0.2262486666441, -0.46251541376114, 1.47485053539276, 0.33609449863434, -1.05726504325867, 1.22608006000519, 0.17276924848557, 0, 0, 0, 0, 0, 0, -0.52633392810822, 0.81816923618317, 0.21426296234131, 0.5559144616127, 0.0961114987731, 2.38592720031738, 0.09689636528492, 0.05140437930822, -0.08581595867872, 0.18003033101559, 0.01057344861329, -0.01793964579701, 0.18986248970032, 0.00659136381, 0.00940074026585, 0.17568831145763, 0.01420776173472, 0.03847927600145, 0.14762869477272, 0.02119366824627, 0.05457248166203, -0.41552302241325, 0.74821877479553, 0.26141747832298, -0.39309248328209, 0.71036970615387, 0.1553517729044, -0.39140459895134, 0.71660870313644, 0.1267467290163, -0.39807146787643, 0.74491918087006, 0.1106673553586, -0.41371059417725, 0.77407568693161, 0.11133921146393
0.13649940490723, -2.2787618637085, -0.03138542175293, 0.10971167683601, 0.35944095253944, 6.55875110626221, -0.60152506828308, 0.72197413444519, 0.22600172460079, -0.46325194835663, 1.47487151622772, 0.33543086051941, -1.05804991722107, 1.22781455516815, 0.17217341065407, 0, 0, 0, 0, 0, 0, -0.52590525150299, 0.81091868877411, 0.21397006511688, 0.55225068330765, 0.12048610299826, 2.4284462928772, 0.09689636528492, 0.05140437930822, -0.08581595867872, 0.18003033101559, 0.01057344861329, -0.01793964579701, 0.18986248970032, 0.00659136381, 0.00940074026585, 0.17568831145763, 0.01420776173472, 0.03847927600145, 0.14762869477272, 0.02119366824627, 0.05457248166203, -0.41253173351288, 0.74502962827682, 0.26088228821754, -0.38895347714424, 0.7080449461937, 0.15476056933403, -0.3875507414341, 0.71434777975082, 0.12615412473679, -0.39527398347855, 0.74240106344223, 0.11009664833546, -0.41196078062057, 0.7709698677063, 0.11080852150917
0.28348445892334, -1.92824351787567, -0.01050710584968, 0.07567662745714, 0.34037992358208, 6.19188594818115, -0.59752798080444, 0.71205246448517, 0.22582966089249, -0.46405595541, 1.47490978240967, 0.33475565910339, -1.05877029895782, 1.23015892505646, 0.1708922535181, 0, 0, 0, 0, 0, 0, -0.52486574649811, 0.80470657348633, 0.21378171443939, 0.54722762107849, 0.14601513743401, 2.47324728965759, 0.09689636528492, 0.05140437930822, -0.08581595867872, 0.18003033101559, 0.01057344861329, -0.01793964579701, 0.18986248970032, 0.00659136381, 0.00940074026585, 0.17568831145763, 0.01420776173472, 0.03847927600145, 0.14762869477272, 0.02119366824627, 0.05457248166203, -0.40893921256065, 0.7432307600975, 0.26044476032257, -0.38417893648148, 0.70718771219254, 0.15426829457283, -0.38308066129684, 0.7135414481163, 0.12565979361534, -0.39191275835037, 0.74127733707428, 0.10962258279324, -0.40968602895737, 0.7691822052002, 0.1103737205267
0.24621246755123, -1.39257419109344, -0.00782132148743, 0.03198496624827, 0.23998211324215, 4.36083650588989, -0.59260189533234, 0.70315426588058, 0.22577920556068, -0.46489959955215, 1.47493696212769, 0.33411681652069, -1.05912864208221, 1.23235309123993, 0.1697912812233, 0, 0, 0, 0, 0, 0, -0.52692019939423, 0.79759299755096, 0.2135636806488, 0.53762817382813, 0.1858019977808, 2.54083704948425, 0.09689636528492, 0.05140437930822, -0.08581595867872, 0.18003033101559, 0.01057344861329, -0.01793964579701, 0.18986248970032, 0.00659136381, 0.00940074026585, 0.17568831145763, 0.01420776173472, 0.03847927600145, 0.14762869477272, 0.02119366824627, 0.05457248166203, -0.40736162662506, 0.7430232167244, 0.25964590907097, -0.38104927539825, 0.70848917961121, 0.15334126353264, -0.3804652094841, 0.71489506959915, 0.12472927570343, -0.39098680019379, 0.74206453561783, 0.10874198377132, -0.41036194562912, 0.76887911558151, 0.10958649218082
0.35186287760735, -1.29132258892059, 0.00684499694034, 0.01169070508331, 0.25425830483437, 4.62307739257813, -0.58852529525757, 0.69224387407303, 0.22586718201637, -0.46578150987625, 1.47500228881836, 0.33346247673035, -1.05956065654755, 1.23450541496277, 0.16914242506027, 0, 0, 0, 0, 0, 0, -0.52699935436249, 0.79103088378906, 0.21345198154449, 0.52452784776688, 0.22747138142586, 2.61281085014343, 0.09689636528492, 0.05140437930822, -0.08581595867872, 0.18003033101559, 0.01057344861329, -0.01793964579701, 0.18986248970032, 0.00659136381, 0.00940074026585, 0.17568831145763, 0.01420776173472, 0.03847927600145, 0.14762869477272, 0.02119366824627, 0.05457248166203, -0.40398463606834, 0.74415999650955, 0.2589071393013, -0.37608915567398, 0.71133667230606, 0.15246424078941, -0.37606102228165, 0.71775960922241, 0.12385012954473, -0.38836640119553, 0.74420356750488, 0.10792001336813, -0.40939751267433, 0.76973646879196, 0.10886749625206
0.13918876647949, -1.66713225841522, 0.04092156514525, 0.01153403427452, 0.58611398935318, 7.04124927520752, -0.5817386507988, 0.6819920539856, 0.22606718540192, -0.46674734354019, 1.47508227825165, 0.33279275894165, -1.05969130992889, 1.23715817928314, 0.16760136187077, 0, 0, 0, 0, 0, 0, -0.52689504623413, 0.78571581840515, 0.21333599090576, 0.51310789585114, 0.25714126229286, 2.66502809524536, 0.09689636528492, 0.05140437930822, -0.08581595867872, 0.18003033101559, 0.01057344861329, -0.01793964579701, 0.18986248970032, 0.00659136381, 0.00940074026585, 0.17568831145763, 0.01420776173472, 0.03847927600145, 0.14762869477272, 0.02119366824627, 0.05457248166203, -0.40165355801582, 0.74465930461884, 0.25833177566528, -0.37265545129776, 0.71314477920532, 0.15178807079792, -0.37303531169891, 0.71955364942551, 0.12317331880331, -0.38662323355675, 0.74538892507553, 0.10728672146797, -0.40882110595703, 0.7699111700058, 0.10831066966057
0.46067473292351, -1.63970220088959, 0.05712926015258, -0.00998451001942, 0.62436854839325, 7.61083889007568, -0.57642984390259, 0.67424124479294, 0.2261703312397, -0.46776357293129, 1.47516751289368, 0.33208000659943, -1.05961978435516, 1.23933172225952, 0.16700328886509, 0, 0, 0, 0, 0, 0, -0.5259565114975, 0.78067308664322, 0.21326351165771, 0.49947503209114, 0.28739708662033, 2.71932673454285, 0.09689636528492, 0.05140437930822, -0.08581595867872, 0.18003033101559, 0.01057344861329, -0.01793964579701, 0.18986248970032, 0.00659136381, 0.00940074026585, 0.17568831145763, 0.01420776173472, 0.03847927600145, 0.14762869477272, 0.02119366824627, 0.05457248166203, -0.39866548776627, 0.74587160348892, 0.257778018713, -0.3685630261898, 0.71577912569046, 0.15112952888012, -0.36937072873116, 0.72214841842651, 0.12251479923725, -0.38427984714508, 0.7472739815712, 0.10667494684458, -0.40765744447708, 0.77067059278488, 0.10777965188026
0.39349076151848, -1.24613988399506, 0.03681420907378, -0.02440486848354, 0.45267537236214, 5.61112260818481, -0.56987553834915, 0.66689425706863, 0.22632122039795, -0.46878886222839, 1.47525656223297, 0.33134627342224, -1.05933749675751, 1.24165844917297, 0.16649526357651, 0, 0, 0, 0, 0, 0, -0.52915751934052, 0.78082430362701, 0.21144092082977, 0.49856865406036, 0.29853370785713, 2.74598908424377, 0.09689636528492, 0.05140437930822, -0.08581595867872, 0.18003033101559, 0.01057344861329, -0.01793964579701, 0.18986248970032, 0.00659136381, 0.00940074026585, 0.17568831145763, 0.01420776173472, 0.03847927600145, 0.14762869477272, 0.02119366824627, 0.05457248166203, -0.4011794924736, 0.74865472316742, 0.25596532225609, -0.37023636698723, 0.71988320350647, 0.14919294416904, -0.37114375829697, 0.72640162706375, 0.12061482667923, -0.38659417629242, 0.75127595663071, 0.10489764809608, -0.41049799323082, 0.77412974834442, 0.10610023140907
0.54574728012085, -1.22771489620209, 0.04381477460265, -0.04285718873143, 0.47012415528297, 5.92740917205811, -0.5705052614212, 0.66600400209427, 0.22375579178333, -0.4698503613472, 1.47535848617554, 0.33063173294067, -1.05928885936737, 1.24349594116211, 0.16623465716839, 0, 0, 0, 0, 0, 0, -0.53146213293076, 0.78008759021759, 0.21011352539063, 0.49665674567223, 0.30827203392982, 2.76833415031433, 0.09689636528492, 0.05140437930822, -0.08581595867872, 0.18003033101559, 0.01057344861329, -0.01793964579701, 0.18986248970032, 0.00659136381, 0.00940074026585, 0.17568831145763, 0.01420776173472, 0.03847927600145, 0.14762869477272, 0.02119366824627, 0.05457248166203, -0.40292638540268, 0.75021469593048, 0.25463154911995, -0.37133854627609, 0.72247868776321, 0.14777398109436, -0.37234622240067, 0.7290940284729, 0.11922150850296, -0.38826012611389, 0.75372892618179, 0.10358984023333, -0.41260185837746, 0.77611184120178, 0.10486146807671
-0.17515896260738, -0.26031017303467, -0.29295799136162, 0.70663642883301, -0.19459144771099, 2.72038555145264, -0.57059592008591, 0.66444140672684, 0.2219252884388, -0.470872849226, 1.4754490852356, 0.32989263534546, -1.05931949615479, 1.24519801139832, 0.16654339432716, 0, 0, 0, 0, 0, 0, -0.53324127197266, 0.77879166603088, 0.20907580852509, 0.49416747689247, 0.31712797284126, 2.78809690475464, 0.09689636528492, 0.05140437930822, -0.08581595867872, 0.18003033101559, 0.01057344861329, -0.01793964579701, 0.18986248970032, 0.00659136381, 0.00940074026585, 0.17568831145763, 0.01420776173472, 0.03847927600145, 0.14762869477272, 0.02119366824627, 0.05457248166203, -0.40423059463501, 0.75101518630981, 0.25357741117477, -0.3721125125885, 0.72414910793304, 0.14665564894676, -0.37321990728378, 0.73083120584488, 0.11812242865562, -0.3895497918129, 0.75523352622986, 0.10255514085293, -0.41427594423294, 0.77718788385391, 0.10387960076332
-0.09361981600523, -0.32150742411613, -0.20877955853939, 0.48482647538185, -0.11132075637579, 2.31570029258728, -0.57037347555161, 0.66245079040527, 0.22052130103111, -0.47184494137764, 1.47553873062134, 0.32919991016388, -1.05962944030762, 1.24635624885559, 0.16726936399937, 0, 0, 0, 0, 0, 0, -0.53462618589401, 0.7771008014679, 0.20820963382721, 0.4911282658577, 0.32589849829674, 2.80732941627502, 0.09689636528492, 0.05140437930822, -0.08581595867872, 0.18003033101559, 0.01057344861329, -0.01793964579701, 0.18986248970032, 0.00659136381, 0.00940074026585, 0.17568831145763, 0.01420776173472, 0.03847927600145, 0.14762869477272, 0.02119366824627, 0.05457248166203, -0.40517458319664, 0.75141620635986, 0.25268730521202, -0.37257087230682, 0.7253657579422, 0.14571070671082, -0.37378323078156, 0.73209863901138, 0.11719367653131, -0.39052173495293, 0.75625765323639, 0.10168100148439, -0.41561874747276, 0.77778428792953, 0.10305106639862
-0.04570483788848, -0.36132571101189, -0.15983103215694, 0.3578642308712, -0.06481742113829, 2.07778596878052, -0.56977438926697, 0.66011625528336, 0.21935503184795, -0.47280731797218, 1.4756498336792, 0.32850110530853, -1.05996704101563, 1.24752104282379, 0.16768811643124, 0, 0, 0, 0, 0, 0, -0.53711402416229, 0.78165352344513, 0.20706903934479, 0.50520300865173, 0.32257482409477, 2.79865598678589, 0.09689636528492, 0.05140437930822, -0.08581595867872, 0.18003033101559, 0.01057344861329, -0.01793964579701, 0.18986248970032, 0.00659136381, 0.00940074026585, 0.17568831145763, 0.01420776173472, 0.03847927600145, 0.14762869477272, 0.02119366824627, 0.05457248166203, -0.40793845057487, 0.75397181510925, 0.2511493563652, -0.37572300434113, 0.72871124744415, 0.14386613667011, -0.37687802314758, 0.73576879501343, 0.11542534083128, -0.39334419369698, 0.76028996706009, 0.10019193589687, -0.41818636655807, 0.7820925116539, 0.10181896388531
0.00241041160189, -0.40259596705437, -0.13221681118011, 0.29667991399765, -0.0391670614481, 2.04485034942627, -0.57362127304077, 0.66497355699539, 0.21696871519089, -0.47380092740059, 1.47574186325073, 0.32777142524719, -1.06045663356781, 1.24772799015045, 0.16914460062981, 0, 0, 0, 0, 0, 0, -0.53915083408356, 0.78460681438446, 0.20612967014313, 0.5150728225708, 0.32141581177711, 2.79481744766235, 0.09689636528492, 0.05140437930822, -0.08581595867872, 0.18003033101559, 0.01057344861329, -0.01793964579701, 0.18986248970032, 0.00659136381, 0.00940074026585, 0.17568831145763, 0.01420776173472, 0.03847927600145, 0.14762869477272, 0.02119366824627, 0.05457248166203, -0.41012197732925, 0.7557470202446, 0.24988289177418, -0.37814033031464, 0.73117583990097, 0.14236986637115, -0.37927043437958, 0.73847645521164, 0.11398947238922, -0.395592212677, 0.76322650909424, 0.09897235035896, -0.42029532790184, 0.78517085313797, 0.10079869627953
-0.41486260294914, 0.68559402227402, -0.23556230962276, 1.30793190002441, 0.0982691347599, -1.40005052089691, -0.57638609409332, 0.66808086633682, 0.21508760750294, -0.47480922937393, 1.4758620262146, 0.32703983783722, -1.06088507175446, 1.24784886837006, 0.17050342261791, 0, 0, 0, 0, 0, 0, -0.54098510742188, 0.78658986091614, 0.20527184009552, 0.52283382415771, 0.32167112827301, 2.79395508766174, 0.09689636528492, 0.05140437930822, -0.08581595867872, 0.18003033101559, 0.01057344861329, -0.01793964579701, 0.18986248970032, 0.00659136381, 0.00940074026585, 0.17568831145763, 0.01420776173472, 0.03847927600145, 0.14762869477272, 0.02119366824627, 0.05457248166203, -0.41201889514923, 0.75701123476028, 0.24872872233391, -0.38018745183945, 0.73310607671738, 0.1410211622715, -0.38131347298622, 0.74061232805252, 0.11269431561232, -0.39756691455841, 0.76552021503448, 0.09786526858807, -0.42219921946526, 0.78752893209457, 0.09986507892609
-0.30647274851799, 0.43109890818596, -0.18577335774899, 0.9983971118927, 0.08600652217865, -0.75836116075516, -0.57858300209045, 0.67012131214142, 0.21342511475086, -0.4758677482605, 1.47602617740631, 0.32626533508301, -1.06127202510834, 1.24742996692657, 0.17263947427273, 0, 0, 0, 0, 0, 0, -0.54268968105316, 0.78786939382553, 0.2044620513916, 0.52915012836456, 0.32303354144096, 2.79534578323364, 0.09689636528492, 0.05140437930822, -0.08581595867872, 0.18003033101559, 0.01057344861329, -0.01793964579701, 0.18986248970032, 0.00659136381, 0.00940074026585, 0.17568831145763, 0.01420776173472, 0.03847927600145, 0.14762869477272, 0.02119366824627, 0.05457248166203, -0.41372030973434, 0.7579038143158, 0.24764356017113, -0.38198071718216, 0.73465818166733, 0.13976468145847, -0.38311904668808, 0.74234575033188, 0.11148699373007, -0.39936077594757, 0.76736152172089, 0.09682779014111, -0.42397278547287, 0.78937822580338, 0.09898421168327
-0.25121212005615, 0.27794122695923, -0.16437827050686, 0.85694432258606, 0.08213207870722, -0.38037714362144, -0.58038258552551, 0.67138355970383, 0.21189811825752, -0.47688621282578, 1.4761666059494, 0.32550048828125, -1.06125676631927, 1.24669313430786, 0.17556302249432, 0, 0, 0, 0, 0, 0, -0.5459451675415, 0.7966216802597, 0.20296049118042, 0.54725313186646, 0.30519053339958, 2.75471186637878, 0.09689636528492, 0.05140437930822, -0.08581595867872, 0.18003033101559, 0.01057344861329, -0.01793964579701, 0.18986248970032, 0.00659136381, 0.00940074026585, 0.17568831145763, 0.01420776173472, 0.03847927600145, 0.14762869477272, 0.02119366824627, 0.05457248166203, -0.41811156272888, 0.76140069961548, 0.24554851651192, -0.38760614395142, 0.73764318227768, 0.13742536306381, -0.38852646946907, 0.74555248022079, 0.10920093208551, -0.40382793545723, 0.77127355337143, 0.09475212544203, -0.42756146192551, 0.79421305656433, 0.09712545573711
-0.21318911015987, 0.16634701192379, -0.15129624307156, 0.76634478569031, 0.07989088445902, -0.10290956497192, -0.58810496330261, 0.6816383600235, 0.20977108180523, -0.47791841626167, 1.47633028030396, 0.32471334934235, -1.06124997138977, 1.2466436624527, 0.1773711591959, 0, 0, 0, 0, 0, 0, -0.54908573627472, 0.80408531427383, 0.20152974128723, 0.56292110681534, 0.28950053453445, 2.71956896781921, 0.09689636528492, 0.05140437930822, -0.08581595867872, 0.18003033101559, 0.01057344861329, -0.01793964579701, 0.18986248970032, 0.00659136381, 0.00940074026585, 0.17568831145763, 0.01420776173472, 0.03847927600145, 0.14762869477272, 0.02119366824627, 0.05457248166203, -0.42237418889999, 0.76438200473785, 0.24352386593819, -0.39296817779541, 0.7403057217598, 0.13516688346863, -0.39370286464691, 0.74841809272766, 0.10699470341206, -0.40818268060684, 0.77472215890884, 0.09275010228157, -0.43113619089127, 0.79842001199722, 0.09533482044935
-0.75997346639633, 1.52076232433319, -0.20521579682827, 0.76857602596283, 0.35824179649353, -4.65175628662109, -0.59501510858536, 0.69052141904831, 0.20775330066681, -0.47896102070808, 1.47653031349182, 0.32393431663513, -1.0612735748291, 1.24576830863953, 0.17980062961578, 0, 0, 0, 0, 0, 0, -0.5516437292099, 0.8096866607666, 0.20030307769775, 0.57341629266739, 0.2792082130909, 2.69661855697632, 0.09689636528492, 0.05140437930822, -0.08581595867872, 0.18003033101559, 0.01057344861329, -0.01793964579701, 0.18986248970032, 0.00659136381, 0.00940074026585, 0.17568831145763, 0.01420776173472, 0.03847927600145, 0.14762869477272, 0.02119366824627, 0.05457248166203, -0.42573165893555, 0.76707196235657, 0.2418460547924, -0.39706805348396, 0.74287492036819, 0.13331717252731, -0.3976845741272, 0.75113260746002, 0.10518442094326, -0.41162365674973, 0.77780818939209, 0.0910921394825, -0.43405675888062, 0.80198192596436, 0.09383476525545
-0.67808383703232, 1.30938279628754, -0.19293306767941, 0.74721896648407, 0.33982840180397, -3.97655248641968, -0.59999322891235, 0.69710892438889, 0.20609824359417, -0.48005935549736, 1.47679221630096, 0.32311904430389, -1.06138598918915, 1.24525845050812, 0.18173585832119, 0, 0, 0, 0, 0, 0, -0.55409061908722, 0.81398952007294, 0.19921350479126, 0.58315217494965, 0.27014389634132, 2.67629265785217, 0.09689636528492, 0.05140437930822, -0.08581595867872, 0.18003033101559, 0.01057344861329, -0.01793964579701, 0.18986248970032, 0.00659136381, 0.00940074026585, 0.17568831145763, 0.01420776173472, 0.03847927600145, 0.14762869477272, 0.02119366824627, 0.05457248166203, -0.42892932891846, 0.76879018545151, 0.24029091000557, -0.40094849467278, 0.7445707321167, 0.1315889954567, -0.40146404504776, 0.75297284126282, 0.10349700599909, -0.41492122411728, 0.7799756526947, 0.08956034481525, -0.43688479065895, 0.80455821752548, 0.09246426820755
-0.49519297480583, 0.94630473852158, -0.16163347661495, 0.55761975049973, 0.24693715572357, -2.58192324638367, -0.60456168651581, 0.7023252248764, 0.20457673072815, -0.48119536042213, 1.47704982757568, 0.32225549221039, -1.06155920028687, 1.24399697780609, 0.18494258821011, 0, 0, 0, 0, 0, 0, -0.55717802047729, 0.82724291086197, 0.19635903835297, 0.59161406755447, 0.24490709602833, 2.62538743019104, 0.09689636528492, 0.05140437930822, -0.08581595867872, 0.18003033101559, 0.01057344861329, -0.01793964579701, 0.18986248970032, 0.00659136381, 0.00940074026585, 0.17568831145763, 0.01420776173472, 0.03847927600145, 0.14762869477272, 0.02119366824627, 0.05457248166203, -0.433957695961, 0.77679342031479, 0.2371914088726, -0.40737691521645, 0.75111329555511, 0.12847338616848, -0.40761494636536, 0.75945830345154, 0.10036063939333, -0.41993767023087, 0.78698068857193, 0.08639119565487, -0.44081211090088, 0.81249475479126, 0.08929351717234
-0.45526024699211, 0.76248401403427, -0.14467297494411, 0.57002747058868, 0.24532161653042, -2.2812762260437, -0.61239969730377, 0.71787279844284, 0.20216825604439, -0.48230856657028, 1.47730922698975, 0.32142496109009, -1.06141650676727, 1.2431572675705, 0.18723657727242, 0, 0, 0, 0, 0, 0, -0.55961012840271, 0.83683705329895, 0.19409573078156, 0.59671020507813, 0.22870072722435, 2.59282445907593, 0.09689636528492, 0.05140437930822, -0.08581595867872, 0.18003033101559, 0.01057344861329, -0.01793964579701, 0.18986248970032, 0.00659136381, 0.00940074026585, 0.17568831145763, 0.01420776173472, 0.03847927600145, 0.14762869477272, 0.02119366824627, 0.05457248166203, -0.43773627281189, 0.78308266401291, 0.23475177586079, -0.41209173202515, 0.75653666257858, 0.12601684033871, -0.41215831041336, 0.76484715938568, 0.09789294749498, -0.42375028133392, 0.79267823696136, 0.08390959352255, -0.44391131401062, 0.81875908374786, 0.08681793510914
-0.71866029500961, 2.15285539627075, -0.28262078762054, -0.31253886222839, 0.35756787657738, -5.17705631256104, -0.61779797077179, 0.72903031110764, 0.20016920566559, -0.48345354199409, 1.47763311862946, 0.32052803039551, -1.06127071380615, 1.24273407459259, 0.18969379365444, 0, 0, 0, 0, 0, 0, -0.56199324131012, 0.84394127130508, 0.19237792491913, 0.6011655330658, 0.2141185104847, 2.56353282928467, 0.09689636528492, 0.05140437930822, -0.08581595867872, 0.18003033101559, 0.01057344861329, -0.01793964579701, 0.18986248970032, 0.00659136381, 0.00940074026585, 0.17568831145763, 0.01420776173472, 0.03847927600145, 0.14762869477272, 0.02119366824627, 0.05457248166203, -0.44139856100082, 0.78724598884583, 0.23285314440727, -0.41662558913231, 0.75997519493103, 0.12409552186728, -0.41654253005981, 0.76825833320618, 0.09596358239651, -0.42747414112091, 0.79635268449783, 0.08197495341301, -0.44698241353035, 0.8229238986969, 0.08489616215229
-0.50046443939209, 1.51674258708954, -0.23415504395962, -0.16514758765697, 0.24280638992786, -3.29008674621582, -0.62280112504959, 0.73760306835175, 0.19866988062859, -0.48456889390945, 1.4779109954834, 0.31968998908997, -1.06082797050476, 1.24205279350281, 0.19198606908321, 0, 0, 0, 0, 0, 0, -0.56456768512726, 0.84967994689941, 0.19104588031769, 0.60605919361115, 0.19764533638954, 2.53044986724854, 0.09689636528492, 0.05140437930822, -0.08581595867872, 0.18003033101559, 0.01057344861329, -0.01793964579701, 0.18986248970032, 0.00659136381, 0.00940074026585, 0.17568831145763, 0.01420776173472, 0.03847927600145, 0.14762869477272, 0.02119366824627, 0.05457248166203, -0.44549369812012, 0.78970098495483, 0.23129004240036, -0.42173647880554, 0.761674284935, 0.12249794602394, -0.42148956656456, 0.76993095874786, 0.09435920417309, -0.43167239427567, 0.79830652475357, 0.08037295937538, -0.4504314661026, 0.82540929317474, 0.08331743627787
-0.46435114741325, 1.18495690822601, -0.17299173772335, -0.11600401997566, 0.23174415528774, -2.94864726066589, -0.62827861309052, 0.74506902694702, 0.19756351411343, -0.48566088080406, 1.47819697856903, 0.31880688667297, -1.06000363826752, 1.24177098274231, 0.19425269961357, 0, 0, 0, 0, 0, 0, -0.56655943393707, 0.85795617103577, 0.18728268146515, 0.60877752304077, 0.17673967778683, 2.48901677131653, 0.09689636528492, 0.05140437930822, -0.08581595867872, 0.18003033101559, 0.01057344861329, -0.01793964579701, 0.18986248970032, 0.00659136381, 0.00940074026585, 0.17568831145763, 0.01420776173472, 0.03847927600145, 0.14762869477272, 0.02119366824627, 0.05457248166203, -0.4494760632515, 0.79411733150482, 0.2274294346571, -0.42698854207993, 0.76490771770477, 0.11867867410183, -0.42654067277908, 0.77304947376251, 0.09050895273685, -0.43579429388046, 0.80170345306396, 0.07644498348236, -0.45361489057541, 0.82943761348724, 0.0793392509222
-0.49979922175407, 1.06801986694336, -0.12283980101347, -0.09345428645611, 0.27705106139183, -3.32239603996277, -0.63376361131668, 0.75559151172638, 0.19435888528824, -0.48675495386124, 1.47853302955627, 0.3178950548172, -1.0589075088501, 1.24201107025146, 0.19569194316864, 0, 0, 0, 0, 0, 0, -0.56877982616425, 0.86469209194183, 0.18456721305847, 0.61097478866577, 0.15647706389427, 2.44885110855103, 0.09689636528492, 0.05140437930822, -0.08581595867872, 0.18003033101559, 0.01057344861329, -0.01793964579701, 0.18986248970032, 0.00659136381, 0.00940074026585, 0.17568831145763, 0.01420776173472, 0.03847927600145, 0.14762869477272, 0.02119366824627, 0.05457248166203, -0.45374292135239, 0.79717445373535, 0.22461172938347, -0.43253064155579, 0.76688927412033, 0.11589897423983, -0.43189460039139, 0.77492040395737, 0.08770113438368, -0.44024208188057, 0.80381691455841, 0.07356653362513, -0.45713466405869, 0.83213043212891, 0.07641614973545
-0.45854327082634, 1.46472918987274, -0.38975891470909, -0.43911197781563, 0.32913929224014, -4.06979417800903, -0.63928753137589, 0.7646124958992, 0.19216580688953, -0.48790055513382, 1.47888875007629, 0.31697499752045, -1.05785429477692, 1.24138760566711, 0.19774113595486, 0, 0, 0, 0, 0, 0, -0.57146710157394, 0.87086528539658, 0.18256533145905, 0.61304068565369, 0.13189944624901, 2.40011119842529, 0.09689636528492, 0.05140437930822, -0.08581595867872, 0.18003033101559, 0.01057344861329, -0.01793964579701, 0.18986248970032, 0.00659136381, 0.00940074026585, 0.17568831145763, 0.01420776173472, 0.03847927600145, 0.14762869477272, 0.02119366824627, 0.05457248166203, -0.45906609296799, 0.7989713549614, 0.22247716784477, -0.43945527076721, 0.7674732208252, 0.11380838602781, -0.43859910964966, 0.77537059783936, 0.08557859063148, -0.44584053754807, 0.8045249581337, 0.07136365771294, -0.46158397197723, 0.83349800109863, 0.07416355609894
-0.46337839961052, 1.27170312404633, -0.26736438274384, -0.39547017216682, 0.32955411076546, -3.94232368469238, -0.64587098360062, 0.77369713783264, 0.19077607989311, -0.48903059959412, 1.47926306724548, 0.31602358818054, -1.05653417110443, 1.24111390113831, 0.19966247677803, 0, 0, 0, 0, 0, 0, -0.57369291782379, 0.87597721815109, 0.18086433410645, 0.61416548490524, 0.11377610266209, 2.36412119865417, 0.09689636528492, 0.05140437930822, -0.08581595867872, 0.18003033101559, 0.01057344861329, -0.01793964579701, 0.18986248970032, 0.00659136381, 0.00940074026585, 0.17568831145763, 0.01420776173472, 0.03847927600145, 0.14762869477272, 0.02119366824627, 0.05457248166203, -0.46334421634674, 0.80091446638107, 0.22066928446293, -0.44495242834091, 0.7685883641243, 0.11203050613403, -0.44393947720528, 0.77638804912567, 0.08377875387669, -0.45036005973816, 0.80570733547211, 0.06950881332159, -0.46523946523666, 0.83513659238815, 0.07227586209774
-0.54030418395996, 1.31074893474579, -0.17091391980648, -0.44265553355217, 0.41134664416313, -4.77380323410034, -0.65089309215546, 0.78105425834656, 0.18951137363911, -0.49018558859825, 1.47964596748352, 0.31505417823792, -1.0551426410675, 1.24071192741394, 0.20190379023552, 0, 0, 0, 0, 0, 0, -0.57716464996338, 0.88109987974167, 0.17834293842316, 0.60205042362213, 0.06538046896458, 2.29940438270569, 0.09689636528492, 0.05140437930822, -0.08581595867872, 0.18003033101559, 0.01057344861329, -0.01793964579701, 0.18986248970032, 0.00659136381, 0.00940074026585, 0.17568831145763, 0.01420776173472, 0.03847927600145, 0.14762869477272, 0.02119366824627, 0.05457248166203, -0.47130250930786, 0.80112481117249, 0.22068531811237, -0.45342230796814, 0.76603823900223, 0.11282037198544, -0.45169615745544, 0.77329087257385, 0.084457680583, -0.45642998814583, 0.80265456438065, 0.06963064521551, -0.46979182958603, 0.83285665512085, 0.07173511385918
-0.41302439570427, 1.03938102722168, -0.15397129952908, -0.29854372143745, 0.31207087635994, -3.5194091796875, -0.65927612781525, 0.79045641422272, 0.18764127790928, -0.49130198359489, 1.48000478744507, 0.3140584230423, -1.05346179008484, 1.24071681499481, 0.2041257917881, 0, 0, 0, 0, 0, 0, -0.58016121387482, 0.88604497909546, 0.17618036270142, 0.58991980552673, 0.02440011687577, 2.24334311485291, 0.09689636528492, 0.05140437930822, -0.08581595867872, 0.18003033101559, 0.01057344861329, -0.01793964579701, 0.18986248970032, 0.00659136381, 0.00940074026585, 0.17568831145763, 0.01420776173472, 0.03847927600145, 0.14762869477272, 0.02119366824627, 0.05457248166203, -0.47847047448158, 0.80193215608597, 0.22067421674728, -0.46122899651527, 0.76451420783997, 0.11349096894264, -0.45891198515892, 0.77127093076706, 0.0850480273366, -0.46215817332268, 0.80060368776321, 0.06976632773876, -0.47413983941078, 0.83141225576401, 0.07131718099117
-0.64135545492172, 1.37477147579193, -0.39699909090996, -2.01718330383301, -1.36885929107666, -6.21698951721191, -0.66642445325851, 0.79939365386963, 0.18593721091747, -0.49246150255203, 1.48040819168091, 0.31305956840515, -1.0518786907196, 1.24060189723969, 0.20643810927868, 0, 0, 0, 0, 0, 0, -0.58245635032654, 0.89027410745621, 0.17422711849213, 0.58125793933868, -0.00187116162851, 2.20658397674561, 0.09689636528492, 0.05140437930822, -0.08581595867872, 0.18003033101559, 0.01057344861329, -0.01793964579701, 0.18986248970032, 0.00659136381, 0.00940074026585, 0.17568831145763, 0.01420776173472, 0.03847927600145, 0.14762869477272, 0.02119366824627, 0.05457248166203, -0.48364365100861, 0.803506731987, 0.2200872451067, -0.46693071722984, 0.76460707187653, 0.11334874480963, -0.46424302458763, 0.77103102207184, 0.08486134558916, -0.46650248765945, 0.8003089427948, 0.06929933279753, -0.47754597663879, 0.83148145675659, 0.07050253450871
-0.52447557449341, 1.27293336391449, -0.34939524531364, -1.70387947559357, -1.14061868190765, -5.49717855453491, -0.67138230800629, 0.80638664960861, 0.18423044681549, -0.49365565180779, 1.4808509349823, 0.3119957447052, -1.05016446113586, 1.24077355861664, 0.20848436653614, 0, 0, 0, 0, 0, 0, -0.58446270227432, 0.89423441886902, 0.17240107059479, 0.57409340143204, -0.02224627882242, 2.17749619483948, 0.09689636528492, 0.05140437930822, -0.08581595867872, 0.18003033101559, 0.01057344861329, -0.01793964579701, 0.18986248970032, 0.00659136381, 0.00940074026585, 0.17568831145763, 0.01420776173472, 0.03847927600145, 0.14762869477272, 0.02119366824627, 0.05457248166203, -0.48800534009933, 0.80539816617966, 0.21930278837681, -0.47177901864052, 0.7653636932373, 0.11290934681892, -0.46880948543549, 0.7715225815773, 0.08439144492149, -0.47028341889381, 0.8007385134697, 0.06862011551857, -0.48056614398956, 0.83217918872833, 0.0695603787899
-0.36762711405754, 0.96379274129868, -0.29614982008934, -1.08023881912231, -0.71404194831848, -3.66279911994934, -0.67545753717422, 0.81261610984802, 0.18256898224354, -0.49493280053139, 1.48131096363068, 0.31087923049927, -1.04854440689087, 1.24080967903137, 0.21065764129162, 0, 0, 0, 0, 0, 0, -0.58664774894714, 0.89593195915222, 0.17027270793915, 0.56940406560898, -0.04207291454077, 2.1468300819397, 0.09689636528492, 0.05140437930822, -0.08581595867872, 0.18003033101559, 0.01057344861329, -0.01793964579701, 0.18986248970032, 0.00659136381, 0.00940074026585, 0.17568831145763, 0.01420776173472, 0.03847927600145, 0.14762869477272, 0.02119366824627, 0.05457248166203, -0.49267596006393, 0.80480921268463, 0.21782925724983, -0.47715476155281, 0.76395308971405, 0.1116431504488, -0.47393581271172, 0.76992177963257, 0.08311184495687, -0.47460150718689, 0.79910439252853, 0.06722442805767, -0.48406851291656, 0.83080440759659, 0.06801098585129
-0.30436989665031, 0.84227079153061, -0.26864647865295, -0.8246243596077, -0.53897696733475, -2.93517231941223, -0.67976021766663, 0.81673961877823, 0.18045327067375, -0.49615690112114, 1.48175346851349, 0.30972707271576, -1.04672813415527, 1.24146449565887, 0.21223618090153, 0, 0, 0, 0, 0, 0, -0.58846855163574, 0.89784532785416, 0.16834080219269, 0.56580197811127, -0.05590084195137, 2.12525320053101, 0.09689636528492, 0.05140437930822, -0.08581595867872, 0.18003033101559, 0.01057344861329, -0.01793964579701, 0.18986248970032, 0.00659136381, 0.00940074026585, 0.17568831145763, 0.01420776173472, 0.03847927600145, 0.14762869477272, 0.02119366824627, 0.05457248166203, -0.49628964066505, 0.80514413118362, 0.21635347604752, -0.48128688335419, 0.76372075080872, 0.11031271517277, -0.47789612412453, 0.76955157518387, 0.08177279680967, -0.47799122333527, 0.7986980676651, 0.06580559909344, -0.48687666654587, 0.83056843280792, 0.06648567318916
-0.32024142146111, 0.59552901983261, -0.29561337828636, -0.46304106712341, -0.38790601491928, -3.11140489578247, -0.68304067850113, 0.82040238380432, 0.17852428555489, -0.49742716550827, 1.48222935199738, 0.30852341651917, -1.04489207267761, 1.24226105213165, 0.21407888829708, 0, 0, 0, 0, 0, 0, -0.59003603458405, 0.89980846643448, 0.16650426387787, 0.56335562467575, -0.06473246961832, 2.11137557029724, 0.09689636528492, 0.05140437930822, -0.08581595867872, 0.18003033101559, 0.01057344861329, -0.01793964579701, 0.18986248970032, 0.00659136381, 0.00940074026585, 0.17568831145763, 0.01420776173472, 0.03847927600145, 0.14762869477272, 0.02119366824627, 0.05457248166203, -0.49902933835983, 0.80610537528992, 0.21480745077133, -0.48437052965164, 0.76432240009308, 0.10885973274708, -0.48087108135223, 0.77006286382675, 0.08031462877989, -0.48059844970703, 0.79918050765991, 0.06429699063301, -0.48910650610924, 0.8311550617218, 0.06490946561098
-0.25336503982544, 0.50765991210938, -0.26044428348541, -0.3248478770256, -0.26736101508141, -2.20209550857544, -0.68553346395493, 0.82350939512253, 0.17668750882149, -0.49867752194405, 1.48267900943756, 0.30739164352417, -1.04295110702515, 1.24237179756165, 0.21631780266762, 0, 0, 0, 0, 0, 0, -0.5919588804245, 0.90279418230057, 0.16466593742371, 0.55812072753906, -0.08235760033131, 2.0834755897522, 0.09689636528492, 0.05140437930822, -0.08581595867872, 0.18003033101559, 0.01057344861329, -0.01793964579701, 0.18986248970032, 0.00659136381, 0.00940074026585, 0.17568831145763, 0.01420776173472, 0.03847927600145, 0.14762869477272, 0.02119366824627, 0.05457248166203, -0.50335538387299, 0.80710965394974, 0.2135493606329, -0.48941081762314, 0.7646152973175, 0.10778832435608, -0.48569652438164, 0.77016991376877, 0.07923358678818, -0.48468264937401, 0.79921621084213, 0.06311641633511, -0.49242407083511, 0.8313872218132, 0.06359448283911
-0.20788906514645, 0.41545626521111, -0.23883102834225, -0.20824289321899, -0.16874015331268, -1.42212557792664, -0.68928390741348, 0.82883954048157, 0.17484226822853, -0.49989113211632, 1.48311853408813, 0.30620884895325, -1.04085123538971, 1.24323391914368, 0.21793676912785, 0, 0, 0, 0, 0, 0, -0.59574365615845, 0.90770435333252, 0.16368687152863, 0.5504007935524, -0.10253436863422, 2.05244541168213, 0.09689636528492, 0.05140437930822, -0.08581595867872, 0.18003033101559, 0.01057344861329, -0.01793964579701, 0.18986248970032, 0.00659136381, 0.00940074026585, 0.17568831145763, 0.01420776173472, 0.03847927600145, 0.14762869477272, 0.02119366824627, 0.05457248166203, -0.5099401473999, 0.80992549657822, 0.21341344714165, -0.49674871563911, 0.76651036739349, 0.10793013870716, -0.49277818202972, 0.77181124687195, 0.0793616771698, -0.49091988801956, 0.80073380470276, 0.06309781968594, -0.49779191613197, 0.83310395479202, 0.06337834149599
-0.26417255401611, 0.72235101461411, -0.2581000328064, -0.41802754998207, -0.33435797691345, -2.87323927879334, -0.69506698846817, 0.8364565372467, 0.17386648058891, -0.50117135047913, 1.48357713222504, 0.3050297498703, -1.03903198242188, 1.24363350868225, 0.22021117806435, 0, 0, 0, 0, 0, 0, -0.59921276569366, 0.91269242763519, 0.16245234012604, 0.54143005609512, -0.12409467995167, 2.01886463165283, 0.09689636528492, 0.05140437930822, -0.08581595867872, 0.18003033101559, 0.01057344861329, -0.01793964579701, 0.18986248970032, 0.00659136381, 0.00940074026585, 0.17568831145763, 0.01420776173472, 0.03847927600145, 0.14762869477272, 0.02119366824627, 0.05457248166203, -0.51653635501862, 0.81271016597748, 0.21308669447899, -0.50420707464218, 0.76832121610641, 0.10790482163429, -0.4999663233757, 0.77333891391754, 0.0793240442872, -0.49718886613846, 0.80210036039352, 0.06290629506111, -0.50310289859772, 0.8346603512764, 0.06297644972801
-0.48085924983025, 0.99936240911484, -0.17071722447872, -0.62989401817322, -0.46111345291138, -3.23729681968689, -0.70063751935959, 0.84446656703949, 0.17261326313019, -0.50243496894836, 1.48399996757507, 0.30384874343872, -1.03675448894501, 1.24457967281342, 0.2217675447464, 0, 0, 0, 0, 0, 0, -0.60243356227875, 0.91782164573669, 0.16103863716125, 0.53059208393097, -0.14790968596935, 1.98123824596405, 0.09689636528492, 0.05140437930822, -0.08581595867872, 0.18003033101559, 0.01057344861329, -0.01793964579701, 0.18986248970032, 0.00659136381, 0.00940074026585, 0.17568831145763, 0.01420776173472, 0.03847927600145, 0.14762869477272, 0.02119366824627, 0.05457248166203, -0.52338391542435, 0.81545341014862, 0.21268729865551, -0.51207774877548, 0.77000135183334, 0.10784503817558, -0.50754290819168, 0.77469044923782, 0.07925360649824, -0.50372904539108, 0.80323660373688, 0.06266902387142, -0.50854831933975, 0.8359762430191, 0.06250715255737
-0.43262240290642, 1.04777097702026, -0.20773170888424, -0.68044131994247, -0.49510964751244, -3.54567980766296, -0.7061333656311, 0.85309833288193, 0.17115026712418, -0.50373816490173, 1.48442089557648, 0.30266726016998, -1.0347603559494, 1.24557173252106, 0.22353255748749, 0, 0, 0, 0, 0, 0, -0.60552591085434, 0.92333352565765, 0.1594842672348, 0.51634323596954, -0.17619779706001, 1.93576514720917, 0.09689636528492, 0.05140437930822, -0.08581595867872, 0.18003033101559, 0.01057344861329, -0.01793964579701, 0.18986248970032, 0.00659136381, 0.00940074026585, 0.17568831145763, 0.01420776173472, 0.03847927600145, 0.14762869477272, 0.02119366824627, 0.05457248166203, -0.53103798627853, 0.81820732355118, 0.21235874295235, -0.52104777097702, 0.77151048183441, 0.10793067514896, -0.51616954803467, 0.77578544616699, 0.07933084666729, -0.51109421253204, 0.80402010679245, 0.06255215406418, -0.51456034183502, 0.83692795038223, 0.06211433559656
-0.38872000575066, 1.1253547668457, -0.23914037644863, -0.76173824071884, -0.55134695768356, -4.02064609527588, -0.71185576915741, 0.8630114197731, 0.16949453949928, -0.50500380992889, 1.48483824729919, 0.30145025253296, -1.03275418281555, 1.24749267101288, 0.22459341585636, 0, 0, 0, 0, 0, 0, -0.61017447710037, 0.92421251535416, 0.15715146064758, 0.50603181123734, -0.19480480253696, 1.90444457530975, 0.09689636528492, 0.05140437930822, -0.08581595867872, 0.18003033101559, 0.01057344861329, -0.01793964579701, 0.18986248970032, 0.00659136381, 0.00940074026585, 0.17568831145763, 0.01420776173472, 0.03847927600145, 0.14762869477272, 0.02119366824627, 0.05457248166203, -0.5389102101326, 0.81726241111755, 0.21080556511879, -0.5299317240715, 0.76976150274277, 0.10664863884449, -0.52484089136124, 0.77374738454819, 0.07804411649704, -0.51890188455582, 0.801737844944, 0.0611402541399, -0.52141904830933, 0.83472901582718, 0.0605247169733
-0.35006758570671, 1.28668057918549, -0.27479231357574, -0.92462581396103, -0.66629821062088, -4.93996953964233, -0.71822643280029, 0.867023229599, 0.16710920631886, -0.50637769699097, 1.48526763916016, 0.30027878284454, -1.03083789348602, 1.24919903278351, 0.22464872896671, 0, 0, 0, 0, 0, 0, -0.61423528194427, 0.92632615566254, 0.15495359897614, 0.49326449632645, -0.21618458628654, 1.86783373355865, 0.09689636528492, 0.05140437930822, -0.08581595867872, 0.18003033101559, 0.01057344861329, -0.01793964579701, 0.18986248970032, 0.00659136381, 0.00940074026585, 0.17568831145763, 0.01420776173472, 0.03847927600145, 0.14762869477272, 0.02119366824627, 0.05457248166203, -0.54685688018799, 0.81733590364456, 0.20951507985592, -0.53911292552948, 0.76893228292465, 0.10567510128021, -0.53378242254257, 0.77257072925568, 0.07706793397665, -0.52683025598526, 0.80024075508118, 0.06002347916365, -0.52821958065033, 0.83329427242279, 0.05920426547527
-0.52810907363892, 0.54123401641846, -0.33496317267418, -0.61172461509705, -0.39415583014488, -3.45147323608398, -0.72420930862427, 0.87290948629379, 0.16482156515121, -0.50769460201263, 1.4856299161911, 0.2989889383316, -1.02899718284607, 1.25090134143829, 0.22612278163433, 0, 0, 0, 0, 0, 0, -0.61767292022705, 0.92854273319244, 0.15288305282593, 0.48312643170357, -0.23202458024025, 1.84023284912109, 0.09689636528492, 0.05140437930822, -0.08581595867872, 0.18003033101559, 0.01057344861329, -0.01793964579701, 0.18986248970032, 0.00659136381, 0.00940074026585, 0.17568831145763, 0.01420776173472, 0.03847927600145, 0.14762869477272, 0.02119366824627, 0.05457248166203, -0.55330854654312, 0.81808364391327, 0.20812526345253, -0.54653251171112, 0.76902782917023, 0.10452397167683, -0.54102802276611, 0.77239751815796, 0.07591682672501, -0.53330987691879, 0.79980033636093, 0.05877059698105, -0.53383630514145, 0.83287477493286, 0.05780091881752
-0.4357051551342, 0.76827758550644, -0.33070740103722, -0.71275591850281, -0.46038755774498, -4.08749103546143, -0.72902727127075, 0.87804955244064, 0.16266289353371, -0.50926077365875, 1.48605227470398, 0.29764902591705, -1.02666664123535, 1.25297832489014, 0.22612248361111, 0, 0, 0, 0, 0, 0, -0.62071752548218, 0.93092507123947, 0.15089893341064, 0.4742443561554, -0.2451740950346, 1.81697773933411, 0.09689636528492, 0.05140437930822, -0.08581595867872, 0.18003033101559, 0.01057344861329, -0.01793964579701, 0.18986248970032, 0.00659136381, 0.00940074026585, 0.17568831145763, 0.01420776173472, 0.03847927600145, 0.14762869477272, 0.02119366824627, 0.05457248166203, -0.55894905328751, 0.81927698850632, 0.20671151578426, -0.55301350355148, 0.76969200372696, 0.10331074893475, -0.54736721515656, 0.77283084392548, 0.07470498979092, -0.53900265693665, 0.79999101161957, 0.05747599899769, -0.53879380226135, 0.83306509256363, 0.05638184398413
-0.36116835474968, 0.65753453969955, -0.3008186519146, -0.53596878051758, -0.34717366099358, -3.12214136123657, -0.73318648338318, 0.88294798135757, 0.16059072315693, -0.51093256473541, 1.48650968074799, 0.29623913764954, -1.02435970306396, 1.25490391254425, 0.2268291413784, 0, 0, 0, 0, 0, 0, -0.62707328796387, 0.93068081140518, 0.14871025085449, 0.47726592421532, -0.24486237764359, 1.81571745872498, 0.09689636528492, 0.05140437930822, -0.08581595867872, 0.18003033101559, 0.01057344861329, -0.01793964579701, 0.18986248970032, 0.00659136381, 0.00940074026585, 0.17568831145763, 0.01420776173472, 0.03847927600145, 0.14762869477272, 0.02119366824627, 0.05457248166203, -0.56529492139816, 0.81883275508881, 0.20410996675491, -0.55946886539459, 0.76957714557648, 0.10054568201303, -0.55384689569473, 0.77280563116074, 0.0719451084733, -0.54548799991608, 0.80001789331436, 0.05479576438665, -0.54526829719543, 0.83309519290924, 0.05380737781525
-0.31353232264519, 0.61800235509872, -0.28340578079224, -0.44990137219429, -0.29228615760803, -2.65693473815918, -0.73955065011978, 0.88271260261536, 0.158348351717, -0.51259636878967, 1.48693716526031, 0.29486238956451, -1.02182650566101, 1.25706601142883, 0.22708301246166, 0, 0, 0, 0, 0, 0, -0.6324383020401, 0.93120640516281, 0.14658224582672, 0.47860696911812, -0.24606566131115, 1.81217002868652, 0.09689636528492, 0.05140437930822, -0.08581595867872, 0.18003033101559, 0.01057344861329, -0.01793964579701, 0.18986248970032, 0.00659136381, 0.00940074026585, 0.17568831145763, 0.01420776173472, 0.03847927600145, 0.14762869477272, 0.02119366824627, 0.05457248166203, -0.57094198465347, 0.81907594203949, 0.20172417163849, -0.565294444561, 0.77001881599426, 0.09805584698915, -0.5596758723259, 0.77329099178314, 0.06945957988501, -0.55124998092651, 0.80051571130753, 0.05236289650202, -0.5509404540062, 0.83359426259995, 0.05144272744656
-0.76273435354233, -0.02074241451919, -0.24150250852108, 0.38880804181099, 0.10780028998852, -0.04475738108158, -0.74504208564758, 0.8835254907608, 0.15616974234581, -0.51429909467697, 1.48729336261749, 0.29347336292267, -1.01950919628143, 1.25889194011688, 0.22837014496326, 0, 0, 0, 0, 0, 0, -0.63701748847961, 0.9323478937149, 0.1445426940918, 0.47896128892899, -0.24893593788147, 1.80554056167603, 0.09689636528492, 0.05140437930822, -0.08581595867872, 0.18003033101559, 0.01057344861329, -0.01793964579701, 0.18986248970032, 0.00659136381, 0.00940074026585, 0.17568831145763, 0.01420776173472, 0.03847927600145, 0.14762869477272, 0.02119366824627, 0.05457248166203, -0.5761421918869, 0.81977540254593, 0.19947281479836, -0.57078897953033, 0.77087253332138, 0.09571604430676, -0.56515717506409, 0.7741641998291, 0.06712460517883, -0.55658155679703, 0.80137157440186, 0.05007493495941, -0.55608630180359, 0.83444952964783, 0.04921374469995
-0.63760036230087, 0.10640143603086, -0.24386642873287, 0.22494731843472, 0.04632143303752, -0.30242055654526, -0.74988567829132, 0.88528329133987, 0.15406635403633, -0.51587212085724, 1.48761415481567, 0.29213190078735, -1.01700472831726, 1.26203799247742, 0.22803995013237, 0, 0, 0, 0, 0, 0, -0.64102303981781, 0.93392020463943, 0.14258944988251, 0.47818517684937, -0.25332173705101, 1.79622447490692, 0.09689636528492, 0.05140437930822, -0.08581595867872, 0.18003033101559, 0.01057344861329, -0.01793964579701, 0.18986248970032, 0.00659136381, 0.00940074026585, 0.17568831145763, 0.01420776173472, 0.03847927600145, 0.14762869477272, 0.02119366824627, 0.05457248166203, -0.58107876777649, 0.82078069448471, 0.19737827777863, -0.57611632347107, 0.77197074890137, 0.09355832636356, -0.57045489549637, 0.77525335550308, 0.06497170776129, -0.5616546869278, 0.80241167545319, 0.04795829206705, -0.56088805198669, 0.83548551797867, 0.04714026302099
-0.53568363189697, 0.22365330159664, -0.23751853406429, 0.23090894520283, 0.02564128115773, -0.69399380683899, -0.75427442789078, 0.887770652771, 0.15204156935215, -0.51740729808807, 1.48789858818054, 0.29081284999847, -1.0147967338562, 1.26516461372375, 0.22768071293831, 0, 0, 0, 0, 0, 0, -0.64812356233597, 0.93031775951385, 0.13881266117096, 0.49925836920738, -0.24560362100601, 1.80939280986786, 0.09689636528492, 0.05140437930822, -0.08581595867872, 0.18003033101559, 0.01057344861329, -0.01793964579701, 0.18986248970032, 0.00659136381, 0.00940074026585, 0.17568831145763, 0.01420776173472, 0.03847927600145, 0.14762869477272, 0.02119366824627, 0.05457248166203, -0.58623379468918, 0.81723821163177, 0.19152277708054, -0.58064329624176, 0.77034473419189, 0.0868548899889, -0.57508462667465, 0.77422094345093, 0.05832247436047, -0.56676107645035, 0.80181485414505, 0.04177639633417, -0.56654012203217, 0.83490610122681, 0.04153823852539
-0.45926567912102, 0.31381127238274, -0.2324473708868, 0.15788893401623, -0.01129402779043, -0.98865175247192, -0.76058423519135, 0.88214927911758, 0.14761035144329, -0.51896941661835, 1.48814249038696, 0.28951120376587, -1.01220750808716, 1.26889777183533, 0.22599625587463, 0, 0, 0, 0, 0, 0, -0.65398871898651, 0.92844086885452, 0.13558077812195, 0.5137060880661, -0.24148337543011, 1.81605470180511, 0.09689636528492, 0.05140437930822, -0.08581595867872, 0.18003033101559, 0.01057344861329, -0.01793964579701, 0.18986248970032, 0.00659136381, 0.00940074026585, 0.17568831145763, 0.01420776173472, 0.03847927600145, 0.14762869477272, 0.02119366824627, 0.05457248166203, -0.59101909399033, 0.81527614593506, 0.18680819869041, -0.58509963750839, 0.76975953578949, 0.08155223727226, -0.5796035528183, 0.77404594421387, 0.0530664101243, -0.5715479850769, 0.80192124843597, 0.0368629693985, -0.57162946462631, 0.83501350879669, 0.03704227507114
-0.8953999876976, -0.66475147008896, -0.38537082076073, 2.10650682449341, 0.18425643444061, 1.97630822658539, -0.76599645614624, 0.87913906574249, 0.14386330544949, -0.52046656608582, 1.48835802078247, 0.28812146186829, -1.01015901565552, 1.27264320850372, 0.2258262783289, 0, 0, 0, 0, 0, 0, -0.65897810459137, 0.92770063877106, 0.13276624679565, 0.52292954921722, -0.24000033736229, 1.81816148757935, 0.09689636528492, 0.05140437930822, -0.08581595867872, 0.18003033101559, 0.01057344861329, -0.01793964579701, 0.18986248970032, 0.00659136381, 0.00940074026585, 0.17568831145763, 0.01420776173472, 0.03847927600145, 0.14762869477272, 0.02119366824627, 0.05457248166203, -0.59553587436676, 0.81435495615005, 0.18300084769726, -0.58948349952698, 0.76976072788239, 0.07735833525658, -0.58401757478714, 0.77431148290634, 0.04890774935484, -0.57608020305634, 0.80235570669174, 0.03293904662132, -0.57629311084747, 0.83544456958771, 0.03340037167072
-0.7261990904808, -0.35249945521355, -0.34454581141472, 1.51169085502625, 0.10643933713436, 1.09476792812347, -0.77078521251678, 0.87788486480713, 0.14067563414574, -0.52198493480682, 1.48855912685394, 0.28671824932098, -1.00831615924835, 1.27632677555084, 0.22564417123795, 0, 0, 0, 0, 0, 0, -0.66334843635559, 0.92764109373093, 0.13024723529816, 0.52949845790863, -0.24001052975655, 1.81772768497467, 0.09689636528492, 0.05140437930822, -0.08581595867872, 0.18003033101559, 0.01057344861329, -0.01793964579701, 0.18986248970032, 0.00659136381, 0.00940074026585, 0.17568831145763, 0.01420776173472, 0.03847927600145, 0.14762869477272, 0.02119366824627, 0.05457248166203, -0.59975999593735, 0.81404882669449, 0.17973451316357, -0.59367668628693, 0.77014631032944, 0.07380446046591, -0.58822220563889, 0.7748875617981, 0.04538280516863, -0.58032178878784, 0.80304396152496, 0.02959425747395, -0.58057421445847, 0.83612895011902, 0.03026969730854
-0.60813897848129, -0.14190673828125, -0.3117102086544, 1.02278053760529, 0.05276201665401, 0.47777768969536, -0.77509421110153, 0.87764132022858, 0.13785696029663, -0.52353453636169, 1.48876559734344, 0.28531682491302, -1.00640416145325, 1.28010606765747, 0.22445367276669, 0, 0, 0, 0, 0, 0, -0.66972970962524, 0.92549633979797, 0.12843906879425, 0.54043221473694, -0.23759284615517, 1.82296061515808, 0.09689636528492, 0.05140437930822, -0.08581595867872, 0.18003033101559, 0.01057344861329, -0.01793964579701, 0.18986248970032, 0.00659136381, 0.00940074026585, 0.17568831145763, 0.01420776173472, 0.03847927600145, 0.14762869477272, 0.02119366824627, 0.05457248166203, -0.60536277294159, 0.81188148260117, 0.1768564581871, -0.59895104169846, 0.76903688907623, 0.07051338255405, -0.59352350234985, 0.77408754825592, 0.04213988780975, -0.58581590652466, 0.80244791507721, 0.02662339806557, -0.58629870414734, 0.83552229404449, 0.02761495113373
-0.52729368209839, -0.0199699383229, -0.28463333845139, 0.77253949642181, 0.02483332715929, 0.14337295293808, -0.78112632036209, 0.87464970350266, 0.13553890585899, -0.52506810426712, 1.48900628089905, 0.28392827510834, -1.0049843788147, 1.28352248668671, 0.22400507330894, 0, 0, 0, 0, 0, 0, -0.675137758255, 0.92438364028931, 0.12654030323029, 0.54874694347382, -0.23653562366962, 1.82551872730255, 0.09689636528492, 0.05140437930822, -0.08581595867872, 0.18003033101559, 0.01057344861329, -0.01793964579701, 0.18986248970032, 0.00659136381, 0.00940074026585, 0.17568831145763, 0.01420776173472, 0.03847927600145, 0.14762869477272, 0.02119366824627, 0.05457248166203, -0.61031997203827, 0.81066906452179, 0.17411474883556, -0.60370659828186, 0.76865714788437, 0.06745231151581, -0.59829258918762, 0.77394443750381, 0.03911937773228, -0.59069681167603, 0.80245262384415, 0.0238201469183, -0.5913148522377, 0.83551633358002, 0.02506183087826
-0.78075879812241, -0.35528180003166, -0.19988714158535, 1.14971137046814, -0.02976631186903, 0.83425760269165, -0.78632771968842, 0.87303078174591, 0.13322354853153, -0.52660417556763, 1.48922860622406, 0.28252983093262, -1.00398790836334, 1.28649044036865, 0.22361493110657, 0, 0, 0, 0, 0, 0, -0.67991864681244, 0.92390388250351, 0.12459921836853, 0.55562222003937, -0.23638063669205, 1.82635772228241, 0.09689636528492, 0.05140437930822, -0.08581595867872, 0.18003033101559, 0.01057344861329, -0.01793964579701, 0.18986248970032, 0.00659136381, 0.00940074026585, 0.17568831145763, 0.01420776173472, 0.03847927600145, 0.14762869477272, 0.02119366824627, 0.05457248166203, -0.61485207080841, 0.81003129482269, 0.1714506149292, -0.60811215639114, 0.76873070001602, 0.06451860070229, -0.60270243883133, 0.77421498298645, 0.03622232377529, -0.59516823291779, 0.80283969640732, 0.02111141383648, -0.595862865448, 0.83589315414429, 0.02256834506989
-0.65734857320786, -0.1894855350256, -0.21596698462963, 0.91039377450943, -0.03221735730767, 0.49124178290367, -0.79099178314209, 0.87225252389908, 0.13091515004635, -0.52825510501862, 1.48946833610535, 0.28101396560669, -1.00279641151428, 1.29043817520142, 0.22198624908924, 0, 0, 0, 0, 0, 0, -0.68431210517883, 0.92382091283798, 0.12262439727783, 0.56229031085968, -0.23696997761726, 1.8258798122406, 0.09689636528492, 0.05140437930822, -0.08581595867872, 0.18003033101559, 0.01057344861329, -0.01793964579701, 0.18986248970032, 0.00659136381, 0.00940074026585, 0.17568831145763, 0.01420776173472, 0.03847927600145, 0.14762869477272, 0.02119366824627, 0.05457248166203, -0.61912781000137, 0.80971872806549, 0.16874796152115, -0.61230409145355, 0.7691302895546, 0.06154892593622, -0.6068913936615, 0.77480691671371, 0.03329116851091, -0.59938567876816, 0.80353915691376, 0.01837140321732, -0.60011947154999, 0.83658146858215, 0.02004544436932
-0.57824844121933, -0.0874972268939, -0.22380171716213, 0.78442120552063, -0.03431649506092, 0.27755922079086, -0.7953268289566, 0.87199938297272, 0.12856274843216, -0.52996635437012, 1.48968124389648, 0.27951240539551, -1.00184655189514, 1.29376792907715, 0.22113770246506, 0, 0, 0, 0, 0, 0, -0.69013619422913, 0.91728854179382, 0.1203807592392, 0.57330560684204, -0.2350191026926, 1.83316814899445, 0.09689636528492, 0.05140437930822, -0.08581595867872, 0.18003033101559, 0.01057344861329, -0.01793964579701, 0.18986248970032, 0.00659136381, 0.00940074026585, 0.17568831145763, 0.01420776173472, 0.03847927600145, 0.14762869477272, 0.02119366824627, 0.05457248166203, -0.62406677007675, 0.80332410335541, 0.16557604074478, -0.61668914556503, 0.76379203796387, 0.05801950395107, -0.61127078533173, 0.76977676153183, 0.02982647716999, -0.60398244857788, 0.79870927333832, 0.01518864929676, -0.60500228404999, 0.83172714710236, 0.01716726273298
-0.52935361862183, -0.02264499478042, -0.22863863408566, 0.78158265352249, -0.03993158042431, 0.13866695761681, -0.8007145524025, 0.86446785926819, 0.1256158053875, -0.53161543607712, 1.48989772796631, 0.27796220779419, -1.00099527835846, 1.29800295829773, 0.22019682824612, 0, 0, 0, 0, 0, 0, -0.6953758597374, 0.91295063495636, 0.11814045906067, 0.58279424905777, -0.23390544950962, 1.83834946155548, 0.09689636528492, 0.05140437930822, -0.08581595867872, 0.18003033101559, 0.01057344861329, -0.01793964579701, 0.18986248970032, 0.00659136381, 0.00940074026585, 0.17568831145763, 0.01420776173472, 0.03847927600145, 0.14762869477272, 0.02119366824627, 0.05457248166203, -0.6286513209343, 0.79904460906982, 0.16251313686371, -0.62083768844604, 0.76044690608978, 0.05464848130941, -0.61541020870209, 0.7666979432106, 0.02651506662369, -0.60828340053558, 0.79579609632492, 0.01212814450264, -0.60951894521713, 0.82878935337067, 0.01437616348267
-0.71426147222519, -0.90671533346176, -0.28084337711334, 1.11698043346405, -0.236174300313, 1.0255411863327, -0.80562084913254, 0.85938006639481, 0.12274856120348, -0.53330653905869, 1.49013912677765, 0.27648496627808, -0.99991524219513, 1.3026282787323, 0.21815828979015, 0, 0, 0, 0, 0, 0, -0.68771266937256, 0.91279876232147, 0.12183082103729, 0.58247774839401, -0.22955253720284, 1.84597289562225, 0.09689636528492, 0.05140437930822, -0.08581595867872, 0.18003033101559, 0.01057344861329, -0.01793964579701, 0.18986248970032, 0.00659136381, 0.00940074026585, 0.17568831145763, 0.01420776173472, 0.03847927600145, 0.14762869477272, 0.02119366824627, 0.05457248166203, -0.62028515338898, 0.79938215017319, 0.16639405488968, -0.61225181818008, 0.76064205169678, 0.05859660357237, -0.60686707496643, 0.7668764591217, 0.03045128285885, -0.59992074966431, 0.79599213600159, 0.01601172238588, -0.60135793685913, 0.82898116111755, 0.01820155978203
-0.63941711187363, -0.61186546087265, -0.27960598468781, 0.98747438192368, -0.20629535615444, 0.77199965715408, -0.79762691259384, 0.85856246948242, 0.12655174732208, -0.53483426570892, 1.49037981033325, 0.27507019042969, -0.99927514791489, 1.30762088298798, 0.21583963930607, 0, 0, 0, 0, 0, 0, -0.68463158607483, 0.9126860499382, 0.12331295013428, 0.58230316638947, -0.22730435431004, 1.84991192817688, 0.09689636528492, 0.05140437930822, -0.08581595867872, 0.18003033101559, 0.01057344861329, -0.01793964579701, 0.18986248970032, 0.00659136381, 0.00940074026585, 0.17568831145763, 0.01420776173472, 0.03847927600145, 0.14762869477272, 0.02119366824627, 0.05457248166203, -0.61684191226959, 0.79952418804169, 0.16797432303429, -0.60869467258453, 0.76071113348007, 0.06021167337894, -0.6033319234848, 0.76693671941757, 0.03206021338701, -0.5964789390564, 0.79606103897095, 0.01759345829487, -0.59802031517029, 0.82904732227325, 0.0197532325983
0.90857499837875, -0.11287450045347, 0.44210937619209, -0.21259725093842, 0.01893951371312, 0.73820519447327, -0.79437327384949, 0.85810649394989, 0.12809264659882, -0.53631103038788, 1.49062502384186, 0.2736132144928, -0.99879026412964, 1.31313693523407, 0.21367087960243, 0, 0, 0, 0, 0, 0, -0.69143509864807, 0.91014802455902, 0.11956167221069, 0.58606833219528, -0.22654363512993, 1.85165226459503, 0.09689636528492, 0.05140437930822, -0.08581595867872, 0.18003033101559, 0.01057344861329, -0.01793964579701, 0.18986248970032, 0.00659136381, 0.00940074026585, 0.17568831145763, 0.01420776173472, 0.03847927600145, 0.14762869477272, 0.02119366824627, 0.05457248166203, -0.62339836359024, 0.79699110984802, 0.16385838389397, -0.61514228582382, 0.75855696201324, 0.05596829950809, -0.60978811979294, 0.76488876342773, 0.02783887833357, -0.60299825668335, 0.79407668113708, 0.0134709328413, -0.60461467504501, 0.82705199718475, 0.01574061065912
0.36427256464958, -0.06247758492827, 0.17754165828228, -0.1079193726182, 0.00962945446372, 0.37326264381409, -0.80105394124985, 0.85530483722687, 0.12413667142391, -0.53779852390289, 1.49091458320618, 0.27215886116028, -0.99812871217728, 1.31884336471558, 0.21067774295807, 0, 0, 0, 0, 0, 0, -0.70012843608856, 0.90714704990387, 0.11483955383301, 0.58964538574219, -0.22598214447498, 1.85302782058716, 0.09689636528492, 0.05140437930822, -0.08581595867872, 0.18003033101559, 0.01057344861329, -0.01793964579701, 0.18986248970032, 0.00659136381, 0.00940074026585, 0.17568831145763, 0.01420776173472, 0.03847927600145, 0.14762869477272, 0.02119366824627, 0.05457248166203, -0.63188350200653, 0.79397833347321, 0.15878456830978, -0.6235323548317, 0.75590872764587, 0.05077264457941, -0.61818480491638, 0.76234155893326, 0.02266490459442, -0.61144804954529, 0.79158872365952, 0.00839265435934, -0.61312818527222, 0.82455331087112, 0.01076847314835
-0.82002633810043, -0.33638474345207, -0.4476275742054, 0.3797607421875, -0.02260700240731, 0.26102030277252, -0.80964279174805, 0.8520792722702, 0.11921503394842, -0.53936147689819, 1.49116158485413, 0.27068674564362, -0.99683153629303, 1.32442057132721, 0.20722503960133, 0, 0, 0, 0, 0, 0, -0.70841753482819, 0.90448552370071, 0.11036968231201, 0.59321051836014, -0.22557027637959, 1.85414493083954, 0.09689636528492, 0.05140437930822, -0.08581595867872, 0.18003033101559, 0.01057344861329, -0.01793964579701, 0.18986248970032, 0.00659136381, 0.00940074026585, 0.17568831145763, 0.01420776173472, 0.03847927600145, 0.14762869477272, 0.02119366824627, 0.05457248166203, -0.63998925685883, 0.79129016399384, 0.1539593487978, -0.63155078887939, 0.75358790159225, 0.04582542181015, -0.62620830535889, 0.7601215839386, 0.01773999631405, -0.61951839923859, 0.78942668437958, 0.0035648047924, -0.62125515937805, 0.82238042354584, 0.00604793429375
-1.04617595672607, -0.38681027293205, -0.56444495916367, 0.39530393481255, -0.02459527924657, 0.23662365972996, -0.81783890724182, 0.84921741485596, 0.11454182863235, -0.5410293340683, 1.49145531654358, 0.26921951770782, -0.9948393702507, 1.33062040805817, 0.20223703980446, 0, 0, 0, 0, 0, 0, -0.71551430225372, 0.90237265825272, 0.10655903816223, 0.59684628248215, -0.22528705000877, 1.85505080223084, 0.09689636528492, 0.05140437930822, -0.08581595867872, 0.18003033101559, 0.01057344861329, -0.01793964579701, 0.18986248970032, 0.00659136381, 0.00940074026585, 0.17568831145763, 0.01420776173472, 0.03847927600145, 0.14762869477272, 0.02119366824627, 0.05457248166203, -0.64692091941833, 0.78913652896881, 0.14978185296059, -0.6384003162384, 0.75181257724762, 0.04152317345142, -0.63306170701981, 0.75844931602478, 0.01346118748188, -0.62641388177872, 0.78781241178513, -0.00061346590519, -0.62820202112198, 0.82075488567352, 0.00198050588369
-0.99726670980453, -0.3427719771862, -0.53434252738953, 0.40147814154625, -0.02590169943869, 0.21010665595531, -0.82485109567642, 0.84692198038101, 0.11051970720291, -0.54265868663788, 1.49170017242432, 0.26773071289063, -0.99202042818069, 1.33636057376862, 0.19884347915649, 0, 0, 0, 0, 0, 0, -0.7220242023468, 0.89597916603088, 0.10302758216858, 0.6059051156044, -0.22263313829899, 1.86137747764587, 0.09689636528492, 0.05140437930822, -0.08581595867872, 0.18003033101559, 0.01057344861329, -0.01793964579701, 0.18986248970032, 0.00659136381, 0.00940074026585, 0.17568831145763, 0.01420776173472, 0.03847927600145, 0.14762869477272, 0.02119366824627, 0.05457248166203, -0.65266728401184, 0.78290402889252, 0.14544588327408, -0.64378452301025, 0.74647372961044, 0.03691226243973, -0.63846796751022, 0.75336343050003, 0.0089071020484, -0.6320161819458, 0.78288006782532, -0.00493556261063, -0.63404059410095, 0.81578814983368, -0.00209068506956
-0.85388654470444, -0.27443647384644, -0.4553425014019, 0.40500649809837, -0.02694362401962, 0.18538694083691, -0.83096796274185, 0.83972537517548, 0.10645863413811, -0.54425454139709, 1.49199187755585, 0.26622307300568, -0.98944085836411, 1.34259557723999, 0.19505836069584, 0, 0, 0, 0, 0, 0, -0.72750866413116, 0.891268491745, 0.09986019134521, 0.61921817064285, -0.21893253922462, 1.87020528316498, 0.09689636528492, 0.05140437930822, -0.08581595867872, 0.18003033101559, 0.01057344861329, -0.01793964579701, 0.18986248970032, 0.00659136381, 0.00940074026585, 0.17568831145763, 0.01420776173472, 0.03847927600145, 0.14762869477272, 0.02119366824627, 0.05457248166203, -0.65708374977112, 0.77841258049011, 0.14108584821224, -0.64769512414932, 0.74331372976303, 0.03215678036213, -0.64241063594818, 0.75057518482208, 0.00423963367939, -0.63623523712158, 0.78031069040298, -0.00925637036562, -0.63859140872955, 0.81316238641739, -0.00603939592838
-0.7912945151329, -0.8695005774498, -0.426184207201, 0.91566324234009, -0.11026314646006, 0.84553647041321, -0.83589059114456, 0.83389753103256, 0.10249366611242, -0.54589688777924, 1.49226605892181, 0.2647967338562, -0.98629122972488, 1.34916305541992, 0.1903887540102, 0, 0, 0, 0, 0, 0, -0.73240888118744, 0.88787490129471, 0.09713613986969, 0.62757408618927, -0.21675404906273, 1.87542700767517, 0.09689636528492, 0.05140437930822, -0.08581595867872, 0.18003033101559, 0.01057344861329, -0.01793964579701, 0.18986248970032, 0.00659136381, 0.00940074026585, 0.17568831145763, 0.01420776173472, 0.03847927600145, 0.14762869477272, 0.02119366824627, 0.05457248166203, -0.66134893894196, 0.77514374256134, 0.13760648667812, -0.65165930986404, 0.74089133739471, 0.0284345895052, -0.64639437198639, 0.74838620424271, 0.00057546794415, -0.64038455486298, 0.77825486660004, -0.01269941031933, -0.64293879270554, 0.81106775999069, -0.00924679636955
-0.67103856801987, -0.70840352773666, -0.38507309556007, 1.37573492527008, -0.16582994163036, 1.20185887813568, -0.84044981002808, 0.82984340190887, 0.0992576032877, -0.54755103588104, 1.49245810508728, 0.26334607601166, -0.98359352350235, 1.35477495193481, 0.18706016242504, 0, 0, 0, 0, 0, 0, -0.73693454265594, 0.88525384664536, 0.09469187259674, 0.63296347856522, -0.21546016633511, 1.87857949733734, 0.09689636528492, 0.05140437930822, -0.08581595867872, 0.18003033101559, 0.01057344861329, -0.01793964579701, 0.18986248970032, 0.00659136381, 0.00940074026585, 0.17568831145763, 0.01420776173472, 0.03847927600145, 0.14762869477272, 0.02119366824627, 0.05457248166203, -0.66548669338226, 0.77259248495102, 0.1346707046032, -0.65561163425446, 0.73889118432999, 0.02534401416779, -0.65035861730576, 0.74653649330139, -0.00247641652822, -0.6444503068924, 0.77648919820786, -0.01560681313276, -0.64712601900101, 0.80927592515945, -0.01200091838837
-0.59499973058701, -0.49231764674187, -0.33084061741829, 0.86734342575073, -0.10418798029423, 0.71214455366135, -0.84476441144943, 0.826819896698, 0.09647769480944, -0.54909861087799, 1.49256658554077, 0.26186347007751, -0.98087042570114, 1.36094069480896, 0.18352577090263, 0, 0, 0, 0, 0, 0, -0.73816335201263, 0.88454467058182, 0.09415912628174, 0.64590299129486, -0.21572062373161, 1.87550342082977, 0.09689636528492, 0.05140437930822, -0.08581595867872, 0.18003033101559, 0.01057344861329, -0.01793964579701, 0.18986248970032, 0.00659136381, 0.00940074026585, 0.17568831145763, 0.01420776173472, 0.03847927600145, 0.14762869477272, 0.02119366824627, 0.05457248166203, -0.66661351919174, 0.77139294147491, 0.13253858685493, -0.65689927339554, 0.73913770914078, 0.02276220917702, -0.65169274806976, 0.74715065956116, -0.00496337562799, -0.64581555128098, 0.77727574110031, -0.0177074894309, -0.64849698543549, 0.8100112080574, -0.01366598904133
-0.54707765579224, -0.36645409464836, -0.29617395997047, 0.56914848089218, -0.0680612847209, 0.43962469696999, -0.8459700345993, 0.82605266571045, 0.09534495323896, -0.55068689584732, 1.49278938770294, 0.26038908958435, -0.97915786504745, 1.36747896671295, 0.17889238893986, 0, 0, 0, 0, 0, 0, -0.74018788337708, 0.88361102342606, 0.09321844577789, 0.65269964933395, -0.21596352756023, 1.87379670143127, 0.09689636528492, 0.05140437930822, -0.08581595867872, 0.18003033101559, 0.01057344861329, -0.01793964579701, 0.18986248970032, 0.00659136381, 0.00940074026585, 0.17568831145763, 0.01420776173472, 0.03847927600145, 0.14762869477272, 0.02119366824627, 0.05457248166203, -0.66859358549118, 0.77020537853241, 0.13075639307499, -0.65896201133728, 0.73871296644211, 0.020751491189, -0.6537783741951, 0.74691849946976, -0.00692199915648, -0.6479150056839, 0.77713197469711, -0.01946166902781, -0.65059733390808, 0.80983829498291, -0.01519128680229
-0.14910934865475, -0.08030890673399, -0.02408444695175, 1.57779085636139, 0.18866896629333, 0.04300067573786, -0.84798622131348, 0.82509809732437, 0.09408389031887, -0.55220806598663, 1.49287533760071, 0.25901210308075, -0.97784572839737, 1.37196469306946, 0.17650346457958, 0, 0, 0, 0, 0, 0, -0.74269652366638, 0.8825369477272, 0.0920307636261, 0.65628659725189, -0.21613857150078, 1.87285530567169, 0.09689636528492, 0.05140437930822, -0.08581595867872, 0.18003033101559, 0.01057344861329, -0.01793964579701, 0.18986248970032, 0.00659136381, 0.00940074026585, 0.17568831145763, 0.01420776173472, 0.03847927600145, 0.14762869477272, 0.02119366824627, 0.05457248166203, -0.67108291387558, 0.76899743080139, 0.12912446260452, -0.66149389743805, 0.73790860176086, 0.01900111138821, -0.65632164478302, 0.74621570110321, -0.00864417105913, -0.65046441555023, 0.77647513151169, -0.02107541263103, -0.65314626693726, 0.80916547775269, -0.0166841596365
-0.24368046224117, -0.10881900042295, -0.09249507635832, 0.83136540651321, 0.09465780854225, 0.01535996794701, -0.85049229860306, 0.82401692867279, 0.09272474050522, -0.55349934101105, 1.49293386936188, 0.25762712955475, -0.97625595331192, 1.37773215770721, 0.17285506427288, 0, 0, 0, 0, 0, 0, -0.74555790424347, 0.88152074813843, 0.09057807922363, 0.6653538942337, -0.2166913151741, 1.87037861347198, 0.09689636528492, 0.05140437930822, -0.08581595867872, 0.18003033101559, 0.01057344861329, -0.01793964579701, 0.18986248970032, 0.00659136381, 0.00940074026585, 0.17568831145763, 0.01420776173472, 0.03847927600145, 0.14762869477272, 0.02119366824627, 0.05457248166203, -0.67390471696854, 0.76764500141144, 0.1265477836132, -0.66442120075226, 0.73757940530777, 0.01613156497478, -0.65927594900131, 0.74614274501801, -0.01144048571587, -0.65343177318573, 0.77651643753052, -0.02359616756439, -0.65611046552658, 0.80916452407837, -0.01889929175377
-0.30138012766838, -0.12680053710938, -0.13202458620071, 0.43588727712631, 0.04738331213593, 0.0047024465166, -0.85335099697113, 0.8229923248291, 0.0908334851265, -0.55486154556274, 1.49309253692627, 0.25631642341614, -0.97593796253204, 1.38278877735138, 0.16896227002144, 0, 0, 0, 0, 0, 0, -0.74660634994507, 0.8801594376564, 0.08942365646362, 0.68053811788559, -0.21020166575909, 1.87665891647339, 0.09689636528492, 0.05140437930822, -0.08581595867872, 0.18003033101559, 0.01057344861329, -0.01793964579701, 0.18986248970032, 0.00659136381, 0.00940074026585, 0.17568831145763, 0.01420776173472, 0.03847927600145, 0.14762869477272, 0.02119366824627, 0.05457248166203, -0.67395031452179, 0.76637786626816, 0.12363675236702, -0.6645171046257, 0.73791474103928, 0.01279236376286, -0.65951305627823, 0.74689853191376, -0.01467168331146, -0.65394395589828, 0.77748292684555, -0.02642145752907, -0.65687131881714, 0.81004053354263, -0.02126746624708
-0.34409520030022, -0.1158928796649, -0.1483261436224, 1.11793446540833, 0.11662206053734, 0.00453100539744, -0.85392689704895, 0.82076895236969, 0.08914239704609, -0.55609154701233, 1.49311101436615, 0.25501585006714, -0.97576141357422, 1.38700366020203, 0.16733701527119, 0, 0, 0, 0, 0, 0, -0.74827527999878, 0.87881380319595, 0.0881119966507, 0.69482314586639, -0.20413118600845, 1.88248753547668, 0.09689636528492, 0.05140437930822, -0.08581595867872, 0.18003033101559, 0.01057344861329, -0.01793964579701, 0.18986248970032, 0.00659136381, 0.00940074026585, 0.17568831145763, 0.01420776173472, 0.03847927600145, 0.14762869477272, 0.02119366824627, 0.05457248166203, -0.67470461130142, 0.76513355970383, 0.12066720426083, -0.6653311252594, 0.7381888628006, 0.0094388872385, -0.66045951843262, 0.74756669998169, -0.01791702210903, -0.65514314174652, 0.77834194898605, -0.02927923202515, -0.65829664468765, 0.81080716848373, -0.02369365096092
-0.13681411743164, -0.2766752243042, -0.0832173153758, 1.65485382080078, 0.3086524605751, 0.96028411388397, -0.85515797138214, 0.81864368915558, 0.08730432391167, -0.55736339092255, 1.49318182468414, 0.25370931625366, -0.97584098577499, 1.39216792583466, 0.16399094462395, 0, 0, 0, 0, 0, 0, -0.75040698051453, 0.87746578454971, 0.08667552471161, 0.70676428079605, -0.19909878075123, 1.88728165626526, 0.09689636528492, 0.05140437930822, -0.08581595867872, 0.18003033101559, 0.01057344861329, -0.01793964579701, 0.18986248970032, 0.00659136381, 0.00940074026585, 0.17568831145763, 0.01420776173472, 0.03847927600145, 0.14762869477272, 0.02119366824627, 0.05457248166203, -0.67609477043152, 0.76387846469879, 0.11784115433693, -0.66678011417389, 0.73821103572845, 0.0063062235713, -0.66201859712601, 0.74791711568832, -0.02095440775156, -0.65690851211548, 0.77884632349014, -0.03198841959238, -0.66024476289749, 0.81122887134552, -0.02604098618031
-0.20941971242428, -0.26579618453979, -0.10746627300978, 1.56752562522888, 0.28470879793167, 0.88221722841263, -0.85692989826202, 0.81666874885559, 0.08541171252728, -0.55855476856232, 1.49318754673004, 0.25243937969208, -0.97576856613159, 1.39672636985779, 0.16131018102169, 0, 0, 0, 0, 0, 0, -0.75288593769073, 0.87610805034637, 0.0851457118988, 0.71604150533676, -0.1952348947525, 1.89093422889709, 0.09689636528492, 0.05140437930822, -0.08581595867872, 0.18003033101559, 0.01057344861329, -0.01793964579701, 0.18986248970032, 0.00659136381, 0.00940074026585, 0.17568831145763, 0.01420776173472, 0.03847927600145, 0.14762869477272, 0.02119366824627, 0.05457248166203, -0.67801403999329, 0.76259660720825, 0.11522953212261, -0.66875046491623, 0.7379264831543, 0.00346554070711, -0.66407376527786, 0.74788689613342, -0.02371793985367, -0.65912020206451, 0.77893221378326, -0.03449428081512, -0.66259396076202, 0.81124722957611, -0.02826504409313
-0.26261329650879, -0.24704931676388, -0.13222932815552, 1.31173503398895, 0.23219265043736, 0.71553760766983, -0.85913449525833, 0.81484144926071, 0.08351708948612, -0.55976748466492, 1.4931937456131, 0.25116014480591, -0.97581022977829, 1.40093338489532, 0.15931144356728, 0, 0, 0, 0, 0, 0, -0.75309991836548, 0.87655460834503, 0.08502733707428, 0.72588193416595, -0.18537399172783, 1.89644551277161, 0.09689636528492, 0.05140437930822, -0.08581595867872, 0.18003033101559, 0.01057344861329, -0.01793964579701, 0.18986248970032, 0.00659136381, 0.00940074026585, 0.17568831145763, 0.01420776173472, 0.03847927600145, 0.14762869477272, 0.02119366824627, 0.05457248166203, -0.67737323045731, 0.76322889328003, 0.11363545060158, -0.66866290569305, 0.73960566520691, 0.00160111486912, -0.66421496868134, 0.74983417987823, -0.02552112191916, -0.65951204299927, 0.78100270032883, -0.03605128079653, -0.66313737630844, 0.81324005126953, -0.02951335906982
-0.30223843455315, -0.22769449651241, -0.1534285992384, 1.02882027626038, 0.17787490785122, 0.54487919807434, -0.85899329185486, 0.8146733045578, 0.08351202309132, -0.56094121932983, 1.49319493770599, 0.24992787837982, -0.9758614897728, 1.40459167957306, 0.15750029683113, 0, 0, 0, 0, 0, 0, -0.75391268730164, 0.87657099962234, 0.08466124534607, 0.73605769872665, -0.17530554533005, 1.90213620662689, 0.09689636528492, 0.05140437930822, -0.08581595867872, 0.18003033101559, 0.01057344861329, -0.01793964579701, 0.18986248970032, 0.00659136381, 0.00940074026585, 0.17568831145763, 0.01420776173472, 0.03847927600145, 0.14762869477272, 0.02119366824627, 0.05457248166203, -0.6773327589035, 0.76344406604767, 0.11174447834492, -0.66918736696243, 0.74090903997421, -0.00055619329214, -0.66497135162354, 0.75141417980194, -0.02760968357325, -0.66052085161209, 0.78270626068115, -0.03787963092327, -0.66429716348648, 0.81485944986343, -0.03102066367865
-0.03336668014526, -0.03303050994873, 0.08826523274183, 1.06439387798309, 0.74399554729462, 0.70989942550659, -0.85944259166718, 0.8140697479248, 0.08323333412409, -0.56212210655212, 1.49320805072784, 0.24869763851166, -0.97605168819427, 1.40811121463776, 0.15561734139919, 0, 0, 0, 0, 0, 0, -0.75514912605286, 0.87632501125336, 0.08408892154694, 0.74583011865616, -0.16573570668697, 1.90760827064514, 0.09689636528492, 0.05140437930822, -0.08581595867872, 0.18003033101559, 0.01057344861329, -0.01793964579701, 0.18986248970032, 0.00659136381, 0.00940074026585, 0.17568831145763, 0.01420776173472, 0.03847927600145, 0.14762869477272, 0.02119366824627, 0.05457248166203, -0.67777717113495, 0.7633963227272, 0.1097087264061, -0.6701682806015, 0.74191135168076, -0.00283512473106, -0.66617107391357, 0.75268125534058, -0.02981759607792, -0.66195684671402, 0.78408861160278, -0.0398325547576, -0.66587299108505, 0.81615734100342, -0.03266373276711
-0.10414122790098, -0.08648156374693, 0.05878060683608, 1.11295473575592, 0.75434321165085, 0.72114580869675, -0.86033326387405, 0.81324231624603, 0.08271840214729, -0.56320559978485, 1.49317562580109, 0.2474000453949, -0.97601062059402, 1.41174852848053, 0.15447337925434, 0, 0, 0, 0, 0, 0, -0.7567423582077, 0.87589186429977, 0.08332192897797, 0.75473529100418, -0.15709571540356, 1.91260278224945, 0.09689636528492, 0.05140437930822, -0.08581595867872, 0.18003033101559, 0.01057344861329, -0.01793964579701, 0.18986248970032, 0.00659136381, 0.00940074026585, 0.17568831145763, 0.01420776173472, 0.03847927600145, 0.14762869477272, 0.02119366824627, 0.05457248166203, -0.67867141962051, 0.76314997673035, 0.1076093763113, -0.67154639959335, 0.7426261305809, -0.00514533370733, -0.6677451133728, 0.75363671779633, -0.03205887228251, -0.66374117136002, 0.78514593839645, -0.04183731973171, -0.66778033971786, 0.8171346783638, -0.03438496589661
-0.1535010188818, -0.11354684084654, 0.02705275826156, 1.07365906238556, 0.70530962944031, 0.67664062976837, -0.86161452531815, 0.812291264534, 0.08198163658381, -0.56432163715363, 1.49312996864319, 0.2461131811142, -0.97643941640854, 1.41471815109253, 0.15366679430008, 0, 0, 0, 0, 0, 0, -0.75781750679016, 0.87609779834747, 0.08267498016357, 0.75915050506592, -0.14185100793839, 1.92999196052551, 0.09689636528492, 0.05140437930822, -0.08581595867872, 0.18003033101559, 0.01057344861329, -0.01793964579701, 0.18986248970032, 0.00659136381, 0.00940074026585, 0.17568831145763, 0.01420776173472, 0.03847927600145, 0.14762869477272, 0.02119366824627, 0.05457248166203, -0.67819029092789, 0.76433372497559, 0.10642319917679, -0.67117023468018, 0.74418306350708, -0.00640536099672, -0.66760343313217, 0.7553089261055, -0.03330358862877, -0.66404676437378, 0.78689205646515, -0.04301618039608, -0.66848158836365, 0.81880646944046, -0.03547048568726
-0.19489286839962, -0.12776613235474, -0.00724643422291, 0.98472195863724, 0.62846481800079, 0.60476434230804, -0.86184787750244, 0.81112599372864, 0.08152008056641, -0.56543219089508, 1.49306440353394, 0.24490916728973, -0.97659707069397, 1.41782629489899, 0.1523485481739, 0, 0, 0, 0, 0, 0, -0.75916910171509, 0.87591153383255, 0.08189427852631, 0.76390564441681, -0.12549914419651, 1.94854199886322, 0.09689636528492, 0.05140437930822, -0.08581595867872, 0.18003033101559, 0.01057344861329, -0.01793964579701, 0.18986248970032, 0.00659136381, 0.00940074026585, 0.17568831145763, 0.01420776173472, 0.03847927600145, 0.14762869477272, 0.02119366824627, 0.05457248166203, -0.67790794372559, 0.76520037651062, 0.10503162443638, -0.67101085186005, 0.745476603508, -0.00787995755672, -0.66769552230835, 0.75672912597656, -0.03475769609213, -0.66461396217346, 0.78838676214218, -0.04438963532448, -0.6694660782814, 0.82021421194077, -0.03673428297043
-0.1347541809082, -0.1769327968359, -0.02592444233596, 0.29916554689407, 0.397028028965, 1.57879996299744, -0.8622875213623, 0.8094989657402, 0.0809151828289, -0.56645381450653, 1.49292182922363, 0.24366939067841, -0.97649776935577, 1.42112481594086, 0.15150108933449, 0, 0, 0, 0, 0, 0, -0.76072907447815, 0.87525069713593, 0.08101272583008, 0.76993274688721, -0.10457476228476, 1.97214901447296, 0.09689636528492, 0.05140437930822, -0.08581595867872, 0.18003033101559, 0.01057344861329, -0.01793964579701, 0.18986248970032, 0.00659136381, 0.00940074026585, 0.17568831145763, 0.01420776173472, 0.03847927600145, 0.14762869477272, 0.02119366824627, 0.05457248166203, -0.67743045091629, 0.76589411497116, 0.10333221405745, -0.67070490121841, 0.74674606323242, -0.00968872755766, -0.66771078109741, 0.75816237926483, -0.03653504699469, -0.66523003578186, 0.78990757465363, -0.04605168104172, -0.67060542106628, 0.82161390781403, -0.03824488818645
-0.16519545018673, -0.23618458211422, -0.03857910260558, 0.3508081138134, 0.42622542381287, 1.67301082611084, -0.86266833543777, 0.80703943967819, 0.08022771030664, -0.56746447086334, 1.4928172826767, 0.24252736568451, -0.97637760639191, 1.42473769187927, 0.15006485581398, 0, 0, 0, 0, 0, 0, -0.76240479946136, 0.87407201528549, 0.0800666809082, 0.77766954898834, -0.07684703916311, 2.00324940681458, 0.09689636528492, 0.05140437930822, -0.08581595867872, 0.18003033101559, 0.01057344861329, -0.01793964579701, 0.18986248970032, 0.00659136381, 0.00940074026585, 0.17568831145763, 0.01420776173472, 0.03847927600145, 0.14762869477272, 0.02119366824627, 0.05457248166203, -0.6764971613884, 0.76652526855469, 0.10126221179962, -0.67002069950104, 0.74817150831223, -0.01190496981144, -0.66745066642761, 0.75980401039124, -0.03870239853859, -0.66575312614441, 0.79165059328079, -0.04805064201355, -0.67180377244949, 0.82318139076233, -0.04002972692251
-0.18645285069942, -0.34917351603508, -0.03621518239379, 0.48382562398911, 0.54457300901413, 2.10729765892029, -0.8627627491951, 0.80355286598206, 0.07949309051037, -0.56836128234863, 1.49273061752319, 0.2413866519928, -0.97646582126617, 1.42863023281097, 0.14902053773403, 0, 0, 0, 0, 0, 0, -0.7644294500351, 0.87328112125397, 0.07891464233398, 0.78222304582596, -0.06013204529881, 2.02189350128174, 0.09689636528492, 0.05140437930822, -0.08581595867872, 0.18003033101559, 0.01057344861329, -0.01793964579701, 0.18986248970032, 0.00659136381, 0.00940074026585, 0.17568831145763, 0.01420776173472, 0.03847927600145, 0.14762869477272, 0.02119366824627, 0.05457248166203, -0.67699837684631, 0.76683169603348, 0.09940886497498, -0.67068481445313, 0.74897611141205, -0.01384718716145, -0.66836965084076, 0.76073902845383, -0.04061089456081, -0.6671370267868, 0.79263925552368, -0.04984852671623, -0.6735845208168, 0.82405602931976, -0.0416906774044
-0.07741785049438, -0.1687273979187, -0.07213497161865, 0.63536304235458, 0.54301828145981, 1.32997906208038, -0.86276388168335, 0.80355232954025, 0.07949350774288, -0.56923770904541, 1.49258673191071, 0.24031293392181, -0.97663861513138, 1.43180763721466, 0.14801773428917, 0, 0, 0, 0, 0, 0, -0.7646803855896, 0.87402772903442, 0.07853496074677, 0.77902555465698, -0.0430099889636, 2.03636837005615, 0.09689636528492, 0.05140437930822, -0.08581595867872, 0.18003033101559, 0.01057344861329, -0.01793964579701, 0.18986248970032, 0.00659136381, 0.00940074026585, 0.17568831145763, 0.01420776173472, 0.03847927600145, 0.14762869477272, 0.02119366824627, 0.05457248166203, -0.67603707313538, 0.76854383945465, 0.09881310164928, -0.67032665014267, 0.75032740831375, -0.01441749185324, -0.66831582784653, 0.76201242208481, -0.04123985022306, -0.66746991872787, 0.79388850927353, -0.05060343444347, -0.6741783618927, 0.82526904344559, -0.04251684248447
-0.077353335917, -0.25025346875191, -0.0720748603344, 0.63483357429504, 0.54256576299667, 1.32887077331543, -0.86268651485443, 0.80178534984589, 0.07841794192791, -0.57005178928375, 1.49246752262115, 0.23923528194427, -0.97715520858765, 1.43508005142212, 0.14708042144775, 0, 0, 0, 0, 0, 0, -0.76527583599091, 0.87427431344986, 0.07816159725189, 0.77571755647659, -0.02340283989906, 2.05303001403809, 0.09689636528492, 0.05140437930822, -0.08581595867872, 0.18003033101559, 0.01057344861329, -0.01793964579701, 0.18986248970032, 0.00659136381, 0.00940074026585, 0.17568831145763, 0.01420776173472, 0.03847927600145, 0.14762869477272, 0.02119366824627, 0.05457248166203, -0.67523938417435, 0.76991552114487, 0.09812040627003, -0.67020934820175, 0.75134319067001, -0.01508465409279, -0.66854810714722, 0.76295042037964, -0.04196464270353, -0.66815161705017, 0.79479897022247, -0.05145107209682, -0.67516493797302, 0.82612866163254, -0.04342617839575
-0.07728887349367, -0.33171159029007, -0.0720148012042, 0.63430452346802, 0.54211360216141, 1.32776343822479, -0.86261492967606, 0.79934972524643, 0.07734173536301, -0.57082974910736, 1.49231719970703, 0.23817408084869, -0.97783440351486, 1.43787693977356, 0.14635084569454, 0, 0, 0, 0, 0, 0, -0.7661200761795, 0.87408655881882, 0.07779359817505, 0.77218741178513, -0.00042119182763, 2.07265686988831, 0.09689636528492, 0.05140437930822, -0.08581595867872, 0.18003033101559, 0.01057344861329, -0.01793964579701, 0.18986248970032, 0.00659136381, 0.00940074026585, 0.17568831145763, 0.01420776173472, 0.03847927600145, 0.14762869477272, 0.02119366824627, 0.05457248166203, -0.6744499206543, 0.77107203006744, 0.09729417413473, -0.67020601034164, 0.75214618444443, -0.01588453352451, -0.66895592212677, 0.76367431879044, -0.04282077401876, -0.66909325122833, 0.79548937082291, -0.0524260699749, -0.67647039890289, 0.82674789428711, -0.04445022344589
-0.07722446322441, -0.41310185194016, -0.0719547867775, 0.63377594947815, 0.54166185855865, 1.32665693759918, -0.86254924535751, 0.79624599218369, 0.07626497000456, -0.57158315181732, 1.49219286441803, 0.23713719844818, -0.97863376140594, 1.44060432910919, 0.14563155174255, 0, 0, 0, 0, 0, 0, -0.76714265346527, 0.87353765964508, 0.07742631435394, 0.76849001646042, 0.02580856345594, 2.09516978263855, 0.09689636528492, 0.05140437930822, -0.08581595867872, 0.18003033101559, 0.01057344861329, -0.01793964579701, 0.18986248970032, 0.00659136381, 0.00940074026585, 0.17568831145763, 0.01420776173472, 0.03847927600145, 0.14762869477272, 0.02119366824627, 0.05457248166203, -0.67361354827881, 0.77209055423737, 0.0963067561388, -0.6702544093132, 0.75283110141754, -0.01684537529945, -0.66947501897812, 0.76428151130676, -0.04383245110512, -0.6702293753624, 0.79605561494827, -0.05354405939579, -0.67802828550339, 0.82721900939941, -0.04559713602066
-0.0771601125598, -0.49442428350449, -0.07189482450485, 0.63324779272079, 0.54121047258377, 1.32555139064789, -0.86248958110809, 0.79247456789017, 0.07518773525953, -0.57226932048798, 1.49203622341156, 0.23610520362854, -0.97918599843979, 1.44321942329407, 0.14477336406708, 0, 0, 0, 0, 0, 0, -0.76684331893921, 0.87480729818344, 0.07819652557373, 0.74474173784256, 0.01766159012914, 2.07845187187195, 0.09689636528492, 0.05140437930822, -0.08581595867872, 0.18003033101559, 0.01057344861329, -0.01793964579701, 0.18986248970032, 0.00659136381, 0.00940074026585, 0.17568831145763, 0.01420776173472, 0.03847927600145, 0.14762869477272, 0.02119366824627, 0.05457248166203, -0.67443197965622, 0.77275705337524, 0.09921012073755, -0.6716890335083, 0.75075137615204, -0.01345683634281, -0.6708704829216, 0.76154136657715, -0.04071354866028, -0.67129009962082, 0.7930800318718, -0.0511832088232, -0.67869943380356, 0.82451403141022, -0.04396235942841
-0.07709581404924, -0.57567894458771, -0.07183491438627, 0.6327201128006, 0.54075944423676, 1.32444679737091, -0.86243599653244, 0.78803598880768, 0.07411010563374, -0.57294589281082, 1.49192821979523, 0.23509228229523, -0.98004764318466, 1.44582772254944, 0.14381913840771, 0, 0, 0, 0, 0, 0, -0.76688432693481, 0.87570989131927, 0.0786315202713, 0.7265220284462, 0.01323599554598, 2.0671854019165, 0.09689636528492, 0.05140437930822, -0.08581595867872, 0.18003033101559, 0.01057344861329, -0.01793964579701, 0.18986248970032, 0.00659136381, 0.00940074026585, 0.17568831145763, 0.01420776173472, 0.03847927600145, 0.14762869477272, 0.02119366824627, 0.05457248166203, -0.67522966861725, 0.77331691980362, 0.10123202204704, -0.67302525043488, 0.74922800064087, -0.01101984828711, -0.67220747470856, 0.75950956344604, -0.03847241401672, -0.67240697145462, 0.79085338115692, -0.04951794445515, -0.67954009771347, 0.82247340679169, -0.04285273700953
-0.07703156769276, -0.65686583518982, -0.07177504897118, 0.63219285011292, 0.54030883312225, 1.32334303855896, -0.86238861083984, 0.78293073177338, 0.07303217798471, -0.57345688343048, 1.49180686473846, 0.23402345180511, -0.98122894763947, 1.44811272621155, 0.14372788369656, 0, 0, 0, 0, 0, 0, -0.76716327667236, 0.87639290094376, 0.07886004447937, 0.711385846138, 0.01104307733476, 2.05906200408936, 0.09689636528492, 0.05140437930822, -0.08581595867872, 0.18003033101559, 0.01057344861329, -0.01793964579701, 0.18986248970032, 0.00659136381, 0.00940074026585, 0.17568831145763, 0.01420776173472, 0.03847927600145, 0.14762869477272, 0.02119366824627, 0.05457248166203, -0.67604285478592, 0.77381151914597, 0.10273078083992, -0.67434024810791, 0.74800652265549, -0.00914783775806, -0.67354965209961, 0.75786459445953, -0.03675609827042, -0.67359948158264, 0.78903752565384, -0.04827666282654, -0.68052440881729, 0.82079714536667, -0.04207123816013
-0.07696737349033, -0.73798507452011, -0.07171523571014, 0.63166600465775, 0.53985857963562, 1.32224023342133, -0.86234760284424, 0.77715921401978, 0.07195402681828, -0.57394313812256, 1.49171984195709, 0.2330025434494, -0.98253118991852, 1.45023715496063, 0.14324162900448, 0, 0, 0, 0, 0, 0, -0.76762199401855, 0.87692475318909, 0.07890903949738, 0.69889098405838, 0.01046436838806, 2.05336427688599, 0.09689636528492, 0.05140437930822, -0.08581595867872, 0.18003033101559, 0.01057344861329, -0.01793964579701, 0.18986248970032, 0.00659136381, 0.00940074026585, 0.17568831145763, 0.01420776173472, 0.03847927600145, 0.14762869477272, 0.02119366824627, 0.05457248166203, -0.6768571138382, 0.77426666021347, 0.10378350317478, -0.67561388015747, 0.74705445766449, -0.00776724517345, -0.67486870288849, 0.75656229257584, -0.03549932688475, -0.67482429742813, 0.78758829832077, -0.04740990698338, -0.68159675598145, 0.81945216655731, -0.04158210754395
-0.07690323144197, -0.81903672218323, -0.07165547460318, 0.63113963603973, 0.53940868377686, 1.32113838195801, -0.86231297254562, 0.77072203159332, 0.07087574154139, -0.57441842556, 1.49164044857025, 0.23203122615814, -0.98378533124924, 1.45256471633911, 0.14260573685169, 0, 0, 0, 0, 0, 0, -0.76739859580994, 0.87744349241257, 0.07893669605255, 0.68644094467163, -0.00253211008385, 2.0381133556366, 0.09689636528492, 0.05140437930822, -0.08581595867872, 0.18003033101559, 0.01057344861329, -0.01793964579701, 0.18986248970032, 0.00659136381, 0.00940074026585, 0.17568831145763, 0.01420776173472, 0.03847927600145, 0.14762869477272, 0.02119366824627, 0.05457248166203, -0.67792141437531, 0.77405285835266, 0.10539213567972, -0.67664158344269, 0.74543416500092, -0.00580566376448, -0.67569690942764, 0.75458484888077, -0.03365158289671, -0.67525136470795, 0.78545671701431, -0.04594811052084, -0.68166887760162, 0.81746786832809, -0.04054090380669
-0.07683914899826, -0.90002083778381, -0.07159575819969, 0.63061368465424, 0.5389592051506, 1.32003748416901, -0.86228483915329, 0.76361954212189, 0.06979738920927, -0.57478964328766, 1.49160814285278, 0.23108232021332, -0.98537462949753, 1.45484352111816, 0.14250373840332, 0, 0, 0, 0, 0, 0, -0.76733660697937, 0.87777262926102, 0.07887315750122, 0.67739987373352, -0.0108050648123, 2.02804350852966, 0.09689636528492, 0.05140437930822, -0.08581595867872, 0.18003033101559, 0.01057344861329, -0.01793964579701, 0.18986248970032, 0.00659136381, 0.00940074026585, 0.17568831145763, 0.01420776173472, 0.03847927600145, 0.14762869477272, 0.02119366824627, 0.05457248166203, -0.67872774600983, 0.77392327785492, 0.10643151402473, -0.6774634718895, 0.74429619312286, -0.00450205057859, -0.67639404535294, 0.75318831205368, -0.03242711722851, -0.67568176984787, 0.78394383192062, -0.0449995175004, -0.6818568110466, 0.81605184078217, -0.03989260643721
-0.07677511870861, -0.98093748092651, -0.07153609395027, 0.63008815050125, 0.53851008415222, 1.31893742084503, -0.86226332187653, 0.75585222244263, 0.06871907413006, -0.57523798942566, 1.49153590202332, 0.23026692867279, -0.98637580871582, 1.45703232288361, 0.14198407530785, 0, 0, 0, 0, 0, 0, -0.76744842529297, 0.87812143564224, 0.07879459857941, 0.66700541973114, -0.01913593709469, 2.01746821403503, 0.09689636528492, 0.05140437930822, -0.08581595867872, 0.18003033101559, 0.01057344861329, -0.01793964579701, 0.18986248970032, 0.00659136381, 0.00940074026585, 0.17568831145763, 0.01420776173472, 0.03847927600145, 0.14762869477272, 0.02119366824627, 0.05457248166203, -0.67976605892181, 0.77381837368011, 0.10757560282946, -0.67856299877167, 0.74304324388504, -0.00304565578699, -0.67737102508545, 0.75163859128952, -0.03105855733156, -0.6763778924942, 0.7822562456131, -0.04394459724426, -0.68229049444199, 0.81446588039398, -0.03917849063873
-0.07671114057302, -1.06178677082062, -0.07147648185492, 0.62956309318542, 0.53806132078171, 1.31783831119537, -0.86224853992462, 0.74742060899734, 0.06764087080956, -0.57571816444397, 1.49158883094788, 0.2294682264328, -0.98767060041428, 1.45975756645203, 0.14064840972424, 0, 0, 0, 0, 0, 0, -0.76767694950104, 0.87845355272293, 0.07869338989258, 0.6560497879982, -0.02673900872469, 2.0073127746582, 0.09689636528492, 0.05140437930822, -0.08581595867872, 0.18003033101559, 0.01057344861329, -0.01793964579701, 0.18986248970032, 0.00659136381, 0.00940074026585, 0.17568831145763, 0.01420776173472, 0.03847927600145, 0.14762869477272, 0.02119366824627, 0.05457248166203, -0.68089812994003, 0.77374637126923, 0.10871882736683, -0.67980366945267, 0.74177235364914, -0.0015629902482, -0.67850369215012, 0.75005519390106, -0.02966506779194, -0.6772403717041, 0.78052300214767, -0.04287847876549, -0.68289268016815, 0.81282979249954, -0.03846765309572
