lv_x, lv_y, lv_z, av_x, av_y, av_z, pos_x, pos_y, pos_z,imu_pos_x, imu_pos_y, imu_pos_z, imu_rot_x, imu_rot_y, imu_rot_z,lh_pos_x, lh_pos_y, lh_pos_z, lh_rot_x, lh_rot_y, lh_rot_z,rh_pos_x, rh_pos_y, rh_pos_z, rh_rot_x, rh_rot_y, rh_rot_z,lh_thumb_x, lh_thumb_y, lh_thumb_z,lh_index_x, lh_index_y, lh_index_z,lh_middle_x, lh_middle_y, lh_middle_z,lh_ring_x, lh_ring_y, lh_ring_z,lh_little_x, lh_little_y, lh_little_z,rh_thumb_x, rh_thumb_y, rh_thumb_z,rh_index_x, rh_index_y, rh_index_z,rh_middle_x, rh_middle_y, rh_middle_z,rh_ring_x, rh_ring_y, rh_ring_z,rh_little_x, rh_little_y, rh_little_z
0.03961801156402, 0.10645865648985, -0.10887622088194, -0.46541032195091, 0.70454239845276, 0.3006144464016, -0.00006258487701, 0.02490997314453, 0.73795932531357, 0.73809534311295, 1.46404838562012, 1.16949939727783, -0.98222535848618, -2.00433778762817, 0.08020409196615, 0.4490180015564, 0.90298414230347, 0.58561784029007, 0.04798297956586, -1.9923837184906, 2.45325803756714, 0.9024932384491, 0.77632564306259, 1.37662959098816, 0.05343475192785, -0.3845351934433, -1.80121147632599, 0.57025861740112, 0.9289288520813, 0.52218854427338, 0.52036464214325, 1.00992107391357, 0.45787316560745, 0.49711108207703, 1.01792025566101, 0.44189471006393, 0.46876102685928, 1.00165629386902, 0.43587499856949, 0.44805824756622, 0.97769093513489, 0.44547671079636, 0.84234410524368, 0.87766623497009, 1.45084452629089, 0.92078393697739, 0.95280110836029, 1.41359460353851, 0.93652713298798, 0.9629117846489, 1.39101254940033, 0.93778699636459, 0.95242196321487, 1.35950291156769, 0.93208587169647, 0.92759561538696, 1.33837747573853
0.10738848894835, 0.22051332890987, -0.14971731603146, 0.06934870034456, 0.63298988342285, 1.44703078269959, 0.0012144446373, 0.02763605117798, 0.73647493124008, 0.73807322978973, 1.46430206298828, 1.16925621032715, -0.98253530263901, -2.00244998931885, 0.07855840027332, 0.44830048084259, 0.90265637636185, 0.5861890912056, 0.04936828091741, -1.99200844764709, 2.45548987388611, 0.90313136577606, 0.77845656871796, 1.37538361549377, 0.06538277864456, -0.38204249739647, -1.78605175018311, 0.56951504945755, 0.92847871780396, 0.52266013622284, 0.51957535743713, 1.00928580760956, 0.45814764499664, 0.4963147342205, 1.01723515987396, 0.44215467572212, 0.4679688513279, 1.00094568729401, 0.43618482351303, 0.4472770690918, 0.97699809074402, 0.44585439562798, 0.84123992919922, 0.8782639503479, 1.4502409696579, 0.91821527481079, 0.95503789186478, 1.41327917575836, 0.93373155593872, 0.96556007862091, 1.39072811603546, 0.93513357639313, 0.95526587963104, 1.35916006565094, 0.92985790967941, 0.93045288324356, 1.33790874481201
0.15289305150509, 0.32761570811272, -0.17805574834347, 0.65041470527649, 0.19064316153526, 2.2189998626709, 0.00271135568619, 0.0309836268425, 0.73488718271255, 0.73784893751144, 1.46497797966003, 1.16847252845764, -0.98307436704636, -2.00097918510437, 0.07709959894419, 0.44756555557251, 0.90229558944702, 0.58666640520096, 0.05037645623088, -1.99130415916443, 2.45714092254639, 0.90405702590942, 0.78118991851807, 1.37396359443665, 0.08141179382801, -0.3829642534256, -1.76927983760834, 0.56873422861099, 0.9280259013176, 0.52301263809204, 0.51873445510864, 1.00869691371918, 0.45837646722794, 0.49546194076538, 1.01660990715027, 0.44238278269768, 0.467116355896, 1.00030195713043, 0.43646183609962, 0.44643652439117, 0.97636789083481, 0.446190148592, 0.83987927436829, 0.87899303436279, 1.44953775405884, 0.91526144742966, 0.95772022008896, 1.41341066360474, 0.93059426546097, 0.96876811981201, 1.39098584651947, 0.93228232860565, 0.95877987146378, 1.35933363437653, 0.92758536338806, 0.93404394388199, 1.33785784244537
0.1793217509985, 0.40231701731682, -0.19034384191036, 1.03509330749512, -0.25807628035545, 2.57983875274658, 0.0046301484108, 0.03570204973221, 0.73300606012344, 0.73778158426285, 1.46542048454285, 1.16800951957703, -0.98434376716614, -1.99900662899017, 0.07522383332253, 0.44794321060181, 0.90192097425461, 0.58576518297195, 0.05084545910358, -1.9894632101059, 2.45781707763672, 0.90540587902069, 0.78515774011612, 1.37216472625732, 0.10282161831856, -0.38723197579384, -1.74847984313965, 0.56899273395538, 0.92761832475662, 0.52187186479568, 0.51886385679245, 1.00822937488556, 0.45726099610329, 0.49556124210358, 1.01612591743469, 0.44130298495293, 0.46720752120018, 0.99980890750885, 0.43544644117355, 0.44654899835587, 0.97587954998016, 0.44523140788078, 0.83813136816025, 0.88025438785553, 1.44849598407745, 0.91155451536179, 0.96143543720245, 1.41379308700562, 0.92671501636505, 0.97316771745682, 1.39159989356995, 0.92886519432068, 0.96361416578293, 1.35984170436859, 0.92497378587723, 0.93902224302292, 1.33804190158844
0.22993324697018, 0.56701183319092, -0.22541998326778, 1.44725608825684, -0.74161446094513, 3.26855301856995, 0.00640988349915, 0.04047483205795, 0.73124808073044, 0.73774582147598, 1.46590125560761, 1.1675329208374, -0.98553627729416, -1.99695587158203, 0.07315295189619, 0.4486471414566, 0.90168535709381, 0.58451396226883, 0.05121839046478, -1.98714005947113, 2.45789766311646, 0.90670269727707, 0.78915578126907, 1.3703920841217, 0.12075114250183, -0.39120143651962, -1.72875964641571, 0.56954020261765, 0.92740559577942, 0.52033430337906, 0.51923680305481, 1.00798678398132, 0.45582181215286, 0.49589481949806, 1.01587247848511, 0.43991607427597, 0.46753263473511, 0.9995453953743, 0.43412896990776, 0.4469042122364, 0.97561186552048, 0.44396722316742, 0.83661460876465, 0.88183915615082, 1.44715881347656, 0.9081974029541, 0.9651403427124, 1.41365599632263, 0.9231943488121, 0.97745078802109, 1.39166581630707, 0.92577457427979, 0.96824717521667, 1.35983645915985, 0.92263025045395, 0.94376820325851, 1.33779036998749
0.21326778829098, 0.5733990073204, -0.21068571507931, 1.09844160079956, -0.74042624235153, 2.99283170700073, 0.00843131542206, 0.04601907730103, 0.72897833585739, 0.73773604631424, 1.46640717983246, 1.16702437400818, -0.98648458719254, -1.99490594863892, 0.07096607983112, 0.44932150840759, 0.90141534805298, 0.58319860696793, 0.05155505985022, -1.98425626754761, 2.45696902275085, 0.90807282924652, 0.79379254579544, 1.36823391914368, 0.13950803875923, -0.39143431186676, -1.70670509338379, 0.57000839710236, 0.92726385593414, 0.51868325471878, 0.51946115493774, 1.00785648822784, 0.45437601208687, 0.49606728553772, 1.01573765277863, 0.4385444521904, 0.46769937872887, 0.99939531087875, 0.4328288435936, 0.44711619615555, 0.97544074058533, 0.44271039962769, 0.83524566888809, 0.88382661342621, 1.44560158252716, 0.90462011098862, 0.96935391426086, 1.41307640075684, 0.91933965682983, 0.98226821422577, 1.39124572277069, 0.92226547002792, 0.97342669963837, 1.35934364795685, 0.91985803842545, 0.94907110929489, 1.33706939220428
0.24212120473385, 0.66600316762924, -0.27214050292969, 1.07889246940613, -0.3710845708847, 3.28172588348389, 0.01058048009872, 0.05223566293716, 0.72598105669022, 0.73778349161148, 1.46699285507202, 1.16648244857788, -0.98730343580246, -1.99277520179749, 0.06846801191568, 0.44997173547745, 0.90108150243759, 0.58183032274246, 0.0517685264349, -1.98052716255188, 2.45617198944092, 0.90942412614822, 0.79902499914169, 1.3655047416687, 0.15847373008728, -0.38741287589073, -1.68351566791534, 0.57040119171143, 0.92703366279602, 0.5168771147728, 0.51957058906555, 1.00764155387878, 0.45281291007996, 0.49611315131187, 1.01552093029022, 0.43707472085953, 0.46773225069046, 0.99916762113571, 0.43145555257797, 0.44719877839088, 0.97519606351852, 0.44139918684959, 0.83412307500839, 0.88626676797867, 1.44369876384735, 0.90101683139801, 0.97401463985443, 1.41189992427826, 0.91534817218781, 0.98753416538239, 1.39017772674561, 0.918501496315, 0.97906136512756, 1.35819733142853, 0.91677129268646, 0.95484483242035, 1.33570957183838
0.25732040405273, 0.74668401479721, -0.35950180888176, 1.06122899055481, 0.0691437125206, 3.41185855865479, 0.01264011859894, 0.05890673398972, 0.72246295213699, 0.73781335353851, 1.46758782863617, 1.16589951515198, -0.98752045631409, -1.99001789093018, 0.06530836969614, 0.45043522119522, 0.90095692873001, 0.58086949586868, 0.05225340276957, -1.97641468048096, 2.45524668693542, 0.91068494319916, 0.80474960803986, 1.36232495307922, 0.17733216285706, -0.38169556856155, -1.66125226020813, 0.57057231664658, 0.92704945802689, 0.51543289422989, 0.51941031217575, 1.00765800476074, 0.45163375139236, 0.49588119983673, 1.01552844047546, 0.43599843978882, 0.46749043464661, 0.99915581941605, 0.43048664927483, 0.44701793789864, 0.97516107559204, 0.4404998421669, 0.83318716287613, 0.88916885852814, 1.44146513938904, 0.89758306741714, 0.97900772094727, 1.41035628318787, 0.91149234771729, 0.99311494827271, 1.3887335062027, 0.91480880975723, 0.98502689599991, 1.35667014122009, 0.91369527578354, 0.96098035573959, 1.33396208286285
0.24654148519039, 0.8011936545372, -0.42201516032219, 1.10901939868927, 0.23941923677921, 3.28916549682617, 0.01471710205078, 0.06624734401703, 0.71845632791519, 0.73787367343903, 1.46822786331177, 1.16524004936218, -0.98749083280563, -1.98654103279114, 0.06128223612905, 0.45061421394348, 0.9014168381691, 0.58083134889603, 0.05208104476333, -1.97201490402222, 2.45466756820679, 0.91187888383865, 0.8109894990921, 1.35870718955994, 0.19534529745579, -0.37325435876846, -1.63679170608521, 0.5704585313797, 0.92755699157715, 0.5148788690567, 0.51900893449783, 1.00820016860962, 0.45135533809662, 0.49541026353836, 1.01607835292816, 0.43582916259766, 0.46699646115303, 0.99970704317093, 0.43043339252472, 0.44657012820244, 0.97570484876633, 0.44052278995514, 0.83228743076324, 0.89250421524048, 1.4388085603714, 0.89392852783203, 0.9844132065773, 1.4081699848175, 0.90733629465103, 0.99908655881882, 1.38660728931427, 0.91075664758682, 0.99134927988052, 1.35446834564209, 0.91024875640869, 0.96745902299881, 1.33157444000244
0.24851559102535, 0.88150972127914, -0.48068043589592, 0.94670259952545, 0.46914941072464, 3.47974705696106, 0.01676148176193, 0.07437992095947, 0.71396964788437, 0.73793923854828, 1.46893644332886, 1.16453409194946, -0.98782378435135, -1.98254907131195, 0.0571653842926, 0.44974589347839, 0.90073579549789, 0.58105593919754, 0.05201898887753, -1.96826279163361, 2.45468401908875, 0.91294407844543, 0.81783193349838, 1.35467433929443, 0.21299600601196, -0.36182254552841, -1.60937523841858, 0.56934362649918, 0.92686891555786, 0.51465457677841, 0.51766121387482, 1.0075159072876, 0.45132520794868, 0.49400496482849, 1.01539587974548, 0.43588775396347, 0.46557009220123, 0.99902635812759, 0.4305984377861, 0.44518023729324, 0.97502541542053, 0.44076418876648, 0.83131492137909, 0.8962653875351, 1.43579494953156, 0.88985818624496, 0.99026936292648, 1.405437707901, 0.90266990661621, 1.00550150871277, 1.38390016555786, 0.90613907575607, 0.99809193611145, 1.35168933868408, 0.90624403953552, 0.97435212135315, 1.32863402366638
0.24448870122433, 0.9765242934227, -0.53834438323975, 0.81890118122101, 0.70460426807404, 3.7674286365509, 0.01863545179367, 0.08326756954193, 0.70900040864944, 0.73789489269257, 1.46963548660278, 1.16376113891602, -0.98790109157562, -1.97709476947784, 0.05248759314418, 0.44884133338928, 0.89997440576553, 0.58135682344437, 0.05177298933268, -1.96481585502625, 2.4559211730957, 0.91377484798431, 0.82527297735214, 1.3502299785614, 0.23114515841007, -0.34785631299019, -1.57930755615234, 0.56823199987411, 0.92595386505127, 0.51452398300171, 0.51639223098755, 1.00657117366791, 0.45128548145294, 0.49268946051598, 1.01445162296295, 0.435919880867, 0.46422538161278, 0.99809664487839, 0.43074390292168, 0.44385319948196, 0.97412067651749, 0.44100368022919, 0.83015024662018, 0.90035498142242, 1.4324814081192, 0.88525706529617, 0.99648678302765, 1.40235602855682, 0.89738601446152, 1.01228749752045, 1.38083279132843, 0.90086323022842, 1.00521552562714, 1.34854698181152, 0.90159803628922, 0.98164796829224, 1.32532715797424
0.22393225133419, 1.06714725494385, -0.59625142812729, 0.81896388530731, 0.88077908754349, 4.05562162399292, 0.02024704217911, 0.09345680475235, 0.70298308134079, 0.73786944150925, 1.47043538093567, 1.16288781166077, -0.98845064640045, -1.97130405902863, 0.04713321477175, 0.44795656204224, 0.89928394556046, 0.58193475008011, 0.05131860077381, -1.96196460723877, 2.45763969421387, 0.9142569899559, 0.83383303880692, 1.34485244750977, 0.25138345360756, -0.33075657486916, -1.5456531047821, 0.56718993186951, 0.92504036426544, 0.51473581790924, 0.51526230573654, 1.00562417507172, 0.45152676105499, 0.49152562022209, 1.01350855827332, 0.43621557950974, 0.46302977204323, 0.99717700481415, 0.43114134669304, 0.44266027212143, 0.97323751449585, 0.44149124622345, 0.82863616943359, 0.90505623817444, 1.42847061157227, 0.87981903553009, 1.00342988967896, 1.39866209030151, 0.89114814996719, 1.01984763145447, 1.37716484069824, 0.89459067583084, 1.0131710767746, 1.34479129314423, 0.89599502086639, 0.98983496427536, 1.32136929035187
0.19228933751583, 1.22337329387665, -0.72199338674545, 0.98488336801529, 1.08698511123657, 4.50736379623413, 0.02141553163528, 0.1030695438385, 0.69703024625778, 0.73780685663223, 1.47130370140076, 1.16197276115417, -0.98958444595337, -1.96450924873352, 0.04081679135561, 0.44700288772583, 0.89854854345322, 0.58251947164536, 0.05014965683222, -1.95975887775421, 2.45951271057129, 0.91445934772491, 0.84203284978867, 1.33953261375427, 0.27151098847389, -0.31468915939331, -1.51575863361359, 0.56614005565643, 0.92400473356247, 0.51503598690033, 0.51422339677811, 1.00460040569305, 0.45183300971985, 0.49046862125397, 1.01250767707825, 0.43656182289124, 0.46193292737007, 0.99622076749802, 0.4315687417984, 0.44154244661331, 0.9723311662674, 0.4419923722744, 0.82719963788986, 0.90949928760529, 1.42456018924713, 0.87478059530258, 1.00983393192291, 1.3953263759613, 0.88536638021469, 1.02683484554291, 1.373903632164, 0.88875669240952, 1.02059555053711, 1.341437458992, 0.89074796438217, 0.9975506067276, 1.31777107715607
0.13920307159424, 1.15415799617767, -0.71419709920883, 1.19102883338928, 1.00039517879486, 4.05163717269897, 0.02218461036682, 0.11288744211197, 0.69063955545425, 0.73773235082626, 1.47217309474945, 1.16094279289246, -0.99058902263641, -1.95646178722382, 0.03278391435742, 0.44600629806519, 0.89776289463043, 0.58318191766739, 0.04822586476803, -1.95829343795776, 2.46172380447388, 0.9143083691597, 0.85051333904266, 1.33383631706238, 0.29298198223114, -0.29772987961769, -1.4867250919342, 0.56511783599854, 0.92281848192215, 0.51550358533859, 0.51332640647888, 1.00346660614014, 0.45226484537125, 0.48957163095474, 1.01141595840454, 0.4370154440403, 0.46098670363426, 0.99519729614258, 0.43208250403404, 0.44054800271988, 0.97137486934662, 0.44256523251534, 0.82564449310303, 0.91403603553772, 1.42043459415436, 0.86962151527405, 1.01623213291168, 1.39201641082764, 0.87944585084915, 1.0338282585144, 1.37071192264557, 0.88274562358856, 1.02809178829193, 1.33814382553101, 0.88528156280518, 1.00540900230408, 1.31418144702911
0.09125947207212, 1.17879140377045, -0.76668256521225, 1.44785928726196, 1.0646299123764, 3.96770739555359, 0.0225790143013, 0.12287163734436, 0.68379479646683, 0.7376389503479, 1.47299945354462, 1.15988230705261, -0.9913592338562, -1.94644939899445, 0.02346081472933, 0.44498765468597, 0.89695101976395, 0.58392173051834, 0.0457495637238, -1.95739984512329, 2.46424746513367, 0.91380643844604, 0.85919624567032, 1.32775616645813, 0.31417128443718, -0.27909916639328, -1.45831048488617, 0.56412720680237, 0.92152523994446, 0.51611638069153, 0.51254850625992, 1.00225257873535, 0.45280477404594, 0.48880782723427, 1.01025748252869, 0.43756258487701, 0.46016657352448, 0.99412482976913, 0.43267446756363, 0.43965888023376, 0.97038352489471, 0.44320636987686, 0.82405781745911, 0.91876018047333, 1.41603422164917, 0.86445105075836, 1.02265989780426, 1.38848698139191, 0.87348741292953, 1.04082572460175, 1.36731219291687, 0.87663209438324, 1.03560352325439, 1.33464241027832, 0.87964373826981, 1.01331353187561, 1.31036853790283
0.04626988992095, 1.19871127605438, -0.82114213705063, 1.51260364055634, 1.21661102771759, 3.84431958198547, 0.02256089448929, 0.13289880752563, 0.67656320333481, 0.73756861686707, 1.47382056713104, 1.15887880325317, -0.99173676967621, -1.93553924560547, 0.01323183998466, 0.44395804405212, 0.89612466096878, 0.5849124789238, 0.04329152777791, -1.95713317394257, 2.46727061271667, 0.91293847560883, 0.86792975664139, 1.32130718231201, 0.33288875222206, -0.25927129387856, -1.43065237998962, 0.56317162513733, 0.92016500234604, 0.51704585552216, 0.51186037063599, 1.00094938278198, 0.45358997583389, 0.48814508318901, 1.00900685787201, 0.43833592534065, 0.45944824814796, 0.99296301603317, 0.43348169326782, 0.4388610124588, 0.96931159496307, 0.44406062364578, 0.82242673635483, 0.92378014326096, 1.41121852397919, 0.85935378074646, 1.02915060520172, 1.3844028711319, 0.86759996414185, 1.047811627388, 1.36333668231964, 0.8705347776413, 1.04304361343384, 1.33057796955109, 0.87394595146179, 1.02112102508545, 1.30602395534515
-0.00322580314241, 1.2037752866745, -0.86760514974594, 1.32791376113892, 1.32371366024017, 3.63004684448242, 0.0223251581192, 0.14294689893723, 0.66861790418625, 0.73749929666519, 1.47470915317535, 1.1579372882843, -0.99220889806747, -1.92327964305878, 0.00236596656032, 0.44300198554993, 0.89555048942566, 0.58690947294235, 0.04048089683056, -1.95831263065338, 2.47081422805786, 0.91180098056793, 0.8767021894455, 1.31433343887329, 0.35015848278999, -0.23557636141777, -1.40358901023865, 0.5623990893364, 0.9189704656601, 0.51914864778519, 0.5114905834198, 0.99981516599655, 0.45544564723969, 0.48782742023468, 1.00793206691742, 0.4401421546936, 0.45907405018806, 0.99199056625366, 0.43528527021408, 0.43837979435921, 0.96844398975372, 0.44588911533356, 0.82105308771133, 0.92897439002991, 1.4061381816864, 0.85452228784561, 1.03564238548279, 1.37992072105408, 0.86191403865814, 1.05475068092346, 1.35893833637238, 0.86450088024139, 1.05040693283081, 1.32609152793884, 0.86818033456802, 1.0288462638855, 1.30125737190247
-0.02939700894058, 1.20622861385345, -0.95326417684555, 1.25973033905029, 1.75545084476471, 3.4745135307312, 0.02195334434509, 0.15327429771423, 0.6599195599556, 0.73750603199005, 1.47561371326447, 1.15698051452637, -0.99169361591339, -1.91198432445526, -0.00874950736761, 0.44181609153748, 0.89445418119431, 0.5877166390419, 0.03774018213153, -1.9591658115387, 2.47369599342346, 0.91046345233917, 0.88563799858093, 1.3067843914032, 0.36510542035103, -0.20743907988071, -1.37510347366333, 0.56136256456375, 0.91733062267303, 0.52003347873688, 0.51080894470215, 0.99825537204742, 0.45614975690842, 0.48719015717506, 1.00643301010132, 0.44081020355225, 0.45838382840157, 0.99058794975281, 0.43595141172409, 0.4375941157341, 0.96713387966156, 0.44657349586487, 0.81992048025131, 0.9344430565834, 1.40067648887634, 0.84977239370346, 1.04226636886597, 1.37481904029846, 0.85621750354767, 1.06176018714905, 1.35387921333313, 0.85832911729813, 1.05777204036713, 1.32095324993134, 0.86218243837357, 1.03653943538666, 1.2958642244339
-0.04584073647857, 1.23967397212982, -1.04367256164551, 1.04613828659058, 2.17938947677612, 3.51753425598145, 0.02110290527344, 0.16426134109497, 0.65030342340469, 0.73733276128769, 1.47655606269836, 1.15620136260986, -0.99044972658157, -1.89997470378876, -0.01934456266463, 0.44055151939392, 0.8931924700737, 0.58874422311783, 0.03417410701513, -1.96062839031219, 2.47740507125854, 0.90859913825989, 0.8949790596962, 1.29845786094666, 0.3757566511631, -0.17472337186337, -1.34348380565643, 0.5603119134903, 0.91536545753479, 0.52120530605316, 0.51024150848389, 0.99639397859573, 0.45707303285599, 0.48668590188026, 1.00465071201324, 0.44167876243591, 0.45781308412552, 0.98893129825592, 0.43680667877197, 0.43689629435539, 0.96559739112854, 0.44744411110878, 0.81861513853073, 0.94052761793137, 1.39449894428253, 0.844562292099, 1.04934060573578, 1.36857438087463, 0.84995365142822, 1.06911957263947, 1.34760415554047, 0.85148447751999, 1.06534790992737, 1.31462073326111, 0.85545593500137, 1.04435884952545, 1.28934586048126
-0.10340451449156, 1.31870257854462, -1.15390765666962, 0.58307063579559, 2.55180668830872, 3.71526432037354, 0.01970118284225, 0.17563360929489, 0.64015501737595, 0.7372220158577, 1.47747385501862, 1.15531873703003, -0.98940831422806, -1.88962423801422, -0.02891781553626, 0.43940889835358, 0.89228904247284, 0.59043878316879, 0.03108344972134, -1.96179640293121, 2.48201775550842, 0.90623652935028, 0.90462636947632, 1.28965210914612, 0.38374242186546, -0.14053775370121, -1.31123197078705, 0.55935877561569, 0.91370075941086, 0.52299058437347, 0.50974696874619, 0.99476075172424, 0.45854240655899, 0.48624992370605, 1.00307846069336, 0.4430915415287, 0.45731130242348, 0.98747730255127, 0.43822973966599, 0.43627312779427, 0.96427309513092, 0.44891130924225, 0.81705385446548, 0.94710290431976, 1.38782477378845, 0.83905410766602, 1.05673813819885, 1.36171519756317, 0.84336549043655, 1.07673346996307, 1.34070038795471, 0.84427672624588, 1.07310461997986, 1.30767798423767, 0.848328769207, 1.05232000350952, 1.28224742412567
-0.16957996785641, 1.36485087871552, -1.21779429912567, 0.38216352462769, 2.6674952507019, 3.70074772834778, 0.0186380147934, 0.18624526262283, 0.63148671388626, 0.73697805404663, 1.47839117050171, 1.15442728996277, -0.98856174945831, -1.8785218000412, -0.03859595581889, 0.43855899572372, 0.89144468307495, 0.59196716547012, 0.02827144414186, -1.96256732940674, 2.48606491088867, 0.90442907810211, 0.91361105442047, 1.28208613395691, 0.39451393485069, -0.11102495342493, -1.27947604656219, 0.55865621566772, 0.91217947006226, 0.52456974983215, 0.50943785905838, 0.99327194690704, 0.45986133813858, 0.48598915338516, 1.00164556503296, 0.44436728954315, 0.45699045062065, 0.98615151643753, 0.43952110409737, 0.43584686517715, 0.96306318044662, 0.45024561882019, 0.81573325395584, 0.95268082618713, 1.38209748268127, 0.83392471075058, 1.06311047077179, 1.35640716552734, 0.83725571632385, 1.08336925506592, 1.33546662330627, 0.83769679069519, 1.07999229431152, 1.30240786075592, 0.84193217754364, 1.05951285362244, 1.27676045894623
-0.12883186340332, 1.27362716197968, -1.0400390625, 0.84003388881683, 2.09588098526001, 3.66063761711121, 0.01673889160156, 0.19701153039932, 0.62240749597549, 0.73676466941833, 1.47931623458862, 1.15346479415894, -0.98819071054459, -1.86636352539063, -0.04926631227136, 0.43783354759216, 0.89064610004425, 0.59372419118881, 0.02569019049406, -1.96342730522156, 2.49065494537354, 0.9018879532814, 0.92283231019974, 1.2740592956543, 0.40462484955788, -0.08262211829424, -1.24909543991089, 0.55808138847351, 0.91066426038742, 0.52637869119644, 0.50926244258881, 0.99174863100052, 0.46135824918747, 0.4858638048172, 1.000168800354, 0.44581383466721, 0.45680591464043, 0.98477905988693, 0.44098934531212, 0.43555644154549, 0.96181344985962, 0.45176792144775, 0.81378591060638, 0.95861065387726, 1.37581205368042, 0.82836186885834, 1.06969976425171, 1.35066497325897, 0.83075886964798, 1.09019482135773, 1.32982671260834, 0.83074527978897, 1.08706736564636, 1.29674053192139, 0.83513951301575, 1.06690192222595, 1.27087211608887
-0.22908924520016, 1.29214513301849, -1.08930587768555, 0.88256752490997, 1.98913621902466, 3.45890259742737, 0.01510065793991, 0.20727574825287, 0.61399203538895, 0.73652976751328, 1.48018300533295, 1.15240716934204, -0.98736548423767, -1.85508143901825, -0.05947730317712, 0.43712472915649, 0.88977688550949, 0.59530621767044, 0.02343241125345, -1.96454691886902, 2.49564003944397, 0.89973670244217, 0.93166029453278, 1.26655793190002, 0.41533330082893, -0.05683025717735, -1.22007548809052, 0.55753469467163, 0.90906274318695, 0.52803671360016, 0.50912058353424, 0.9900975227356, 0.46265286207199, 0.48577496409416, 0.99855279922485, 0.44704785943031, 0.45666179060936, 0.98326134681702, 0.44224458932877, 0.43530738353729, 0.9604212641716, 0.45308232307434, 0.81216144561768, 0.96413564682007, 1.36986136436462, 0.82334494590759, 1.07579469680786, 1.34551429748535, 0.82488393783569, 1.0965268611908, 1.32483017444611, 0.82448101043701, 1.09368586540222, 1.29172050952911, 0.82905131578445, 1.07387220859528, 1.26561188697815
-0.19768236577511, 1.23189914226532, -1.00961208343506, 1.05915796756744, 1.70674562454224, 3.27543067932129, 0.01280587911606, 0.21732687950134, 0.605249106884, 0.73631173372269, 1.48109877109528, 1.15147876739502, -0.98645228147507, -1.84234261512756, -0.07129613310099, 0.43647295236588, 0.88884961605072, 0.59682422876358, 0.02135159634054, -1.96657752990723, 2.50057506561279, 0.89700049161911, 0.94047123193741, 1.25870275497437, 0.42719805240631, -0.03228893503547, -1.19369685649872, 0.55709904432297, 0.90742313861847, 0.52974170446396, 0.50913465023041, 0.98839569091797, 0.46395057439804, 0.48585483431816, 0.99688124656677, 0.4482638835907, 0.45669373869896, 0.98168301582336, 0.44345545768738, 0.4352291226387, 0.95896542072296, 0.45433288812637, 0.810098528862, 0.9696803689003, 1.36353862285614, 0.81820404529572, 1.08183324337006, 1.34026527404785, 0.81894731521606, 1.1028151512146, 1.31979024410248, 0.81815451383591, 1.1003166437149, 1.28666019439697, 0.82284593582153, 1.08089971542358, 1.26027631759644
-0.2763819694519, 1.20635735988617, -1.0488224029541, 1.29378640651703, 1.65074741840363, 2.95001912117004, 0.01059329509735, 0.22727185487747, 0.59656256437302, 0.73588907718658, 1.48196840286255, 1.15070366859436, -0.98574715852737, -1.83160889148712, -0.07886960357428, 0.43588978052139, 0.88793325424194, 0.59837466478348, 0.01937751844525, -1.96939623355865, 2.50562143325806, 0.89439105987549, 0.94917285442352, 1.25089335441589, 0.4404816031456, -0.0071546738036, -1.1663156747818, 0.55678015947342, 0.90579092502594, 0.53157407045364, 0.50931388139725, 0.98668676614761, 0.46532881259918, 0.48611214756966, 0.9951987862587, 0.44954115152359, 0.4569079875946, 0.98009186983109, 0.44470638036728, 0.43532609939575, 0.9574978351593, 0.45560902357101, 0.80823874473572, 0.97485899925232, 1.35725915431976, 0.81321519613266, 1.08746516704559, 1.33533418178558, 0.81315124034882, 1.10871589183807, 1.31512463092804, 0.81196463108063, 1.10661637783051, 1.28197860717773, 0.81677615642548, 1.08765828609467, 1.25528454780579
-0.26653289794922, 1.19362580776215, -1.04199886322021, 1.53532838821411, 1.63528430461884, 3.01320934295654, 0.00830399990082, 0.23698443174362, 0.58772224187851, 0.7354691028595, 1.48291647434235, 1.15011477470398, -0.98495799303055, -1.82303667068481, -0.08501183986664, 0.43538677692413, 0.88699805736542, 0.59994322061539, 0.01707430370152, -1.9729140996933, 2.51126217842102, 0.8917464017868, 0.95772743225098, 1.24292635917664, 0.45479741692543, 0.01812115870416, -1.13957166671753, 0.55659371614456, 0.90404665470123, 0.53350591659546, 0.50971746444702, 0.98486053943634, 0.46674251556396, 0.48660996556282, 0.99340450763702, 0.45083436369896, 0.45735836029053, 0.97840297222137, 0.44595846533775, 0.43563967943192, 0.95594930648804, 0.4568794965744, 0.80648767948151, 0.97980612516403, 1.35081124305725, 0.80846375226974, 1.09280121326447, 1.33046853542328, 0.80761098861694, 1.11433064937592, 1.3105742931366, 0.80601543188095, 1.1126766204834, 1.2774201631546, 0.81090849637985, 1.09422326087952, 1.25038945674896
-0.27570247650146, 1.16575229167938, -1.06038093566895, 1.73356473445892, 1.64368987083435, 2.8835015296936, 0.00586521625519, 0.24596029520035, 0.57846468687057, 0.73505532741547, 1.48374104499817, 1.14952659606934, -0.98356640338898, -1.81844365596771, -0.08821276575327, 0.4350723028183, 0.88608902692795, 0.60162419080734, 0.01511283684522, -1.97783899307251, 2.51662492752075, 0.88895338773727, 0.96571624279022, 1.23463797569275, 0.46962293982506, 0.04437457025051, -1.11520445346832, 0.55667608976364, 0.90238744020462, 0.53572595119476, 0.51045191287994, 0.98310476541519, 0.46839353442192, 0.48745799064636, 0.9916724562645, 0.45233434438705, 0.45817250013351, 0.97676503658295, 0.44737392663956, 0.4363115131855, 0.95444202423096, 0.45827883481979, 0.80493324995041, 0.98430413007736, 1.34414041042328, 0.8041952252388, 1.09761416912079, 1.32554197311401, 0.80257672071457, 1.11942279338837, 1.30600273609161, 0.80050122737885, 1.11824357509613, 1.27285480499268, 0.80536383390427, 1.10031592845917, 1.24546706676483
-0.29360529780388, 1.07735395431519, -1.11039161682129, 1.8589791059494, 1.84541511535645, 2.55911207199097, 0.00368201732635, 0.25479543209076, 0.56920152902603, 0.73463439941406, 1.48462092876434, 1.14906454086304, -0.98174411058426, -1.81446969509125, -0.09131319820881, 0.4345326423645, 0.88499158620834, 0.60288685560226, 0.01272160001099, -1.98170590400696, 2.52174806594849, 0.88640731573105, 0.97348994016647, 1.22646999359131, 0.48065614700317, 0.07305634021759, -1.09077334403992, 0.55646246671677, 0.90052849054337, 0.53740847110748, 0.51084583997726, 0.98118674755096, 0.46959269046783, 0.48795172572136, 0.98979115486145, 0.45341092348099, 0.45862302184105, 0.97498893737793, 0.44839078187943, 0.43662491440773, 0.95279961824417, 0.45929279923439, 0.80396020412445, 0.98897045850754, 1.33763885498047, 0.80052304267883, 1.10245633125305, 1.32047057151794, 0.7981042265892, 1.12446081638336, 1.30123579502106, 0.79546976089478, 1.12363910675049, 1.26811683177948, 0.80022287368774, 1.10615110397339, 1.24042737483978
-0.26297092437744, 1.0603666305542, -1.11112117767334, 1.4733659029007, 2.09837174415588, 2.52244639396667, 0.00135082006454, 0.26217973232269, 0.55892425775528, 0.73421937227249, 1.48543274402618, 1.14857125282288, -0.97910410165787, -1.81325399875641, -0.09228411316872, 0.43453031778336, 0.8839613199234, 0.60433739423752, 0.0100675271824, -1.98853361606598, 2.52816605567932, 0.88361525535583, 0.98011529445648, 1.21769309043884, 0.48919939994812, 0.10535540431738, -1.0727367401123, 0.55698490142822, 0.89857280254364, 0.53962981700897, 0.51224279403687, 0.9791299700737, 0.47111481428146, 0.48950424790382, 0.98777043819427, 0.45473417639732, 0.46013674139977, 0.97309094667435, 0.44958233833313, 0.43795275688171, 0.95106464624405, 0.46043816208839, 0.80363249778748, 0.99325227737427, 1.33094441890717, 0.79808169603348, 1.10683453083038, 1.31501114368439, 0.79487258195877, 1.12898600101471, 1.29606282711029, 0.79145795106888, 1.12844717502594, 1.26300942897797, 0.79580819606781, 1.11130440235138, 1.23503923416138
-0.28069496154785, 0.88623040914536, -1.23282897472382, 1.19311416149139, 2.86829614639282, 1.81842005252838, -0.00085914134979, 0.26908040046692, 0.54874712228775, 0.7337658405304, 1.48628926277161, 1.1480450630188, -0.97715574502945, -1.81087577342987, -0.09359146654606, 0.43446147441864, 0.88291943073273, 0.60561209917068, 0.00901216827333, -1.99440407752991, 2.53304171562195, 0.88097035884857, 0.98625546693802, 1.20909309387207, 0.49461913108826, 0.13819935917854, -1.05598044395447, 0.55733919143677, 0.89690977334976, 0.54157286882401, 0.51324200630188, 0.97732156515121, 0.47247150540352, 0.49062642455101, 0.98596286773682, 0.45592194795609, 0.46124649047852, 0.97134923934937, 0.45065519213676, 0.43893346190453, 0.94943225383759, 0.46146765351295, 0.80366611480713, 0.99747133255005, 1.32439243793488, 0.79613959789276, 1.11107277870178, 1.30943703651428, 0.79215043783188, 1.13330888748169, 1.29073774814606, 0.78791910409927, 1.13295340538025, 1.25777649879456, 0.79180747270584, 1.11606979370117, 1.22958147525787
-0.26611804962158, 0.82812303304672, -1.22086989879608, 0.86091804504395, 2.99112677574158, 1.6801586151123, -0.00304770469666, 0.27547657489777, 0.53842931985855, 0.73329627513885, 1.48715031147003, 1.14740896224976, -0.9757234454155, -1.80672562122345, -0.09627442806959, 0.43452256917953, 0.88192397356033, 0.60678738355637, 0.00839232932776, -1.99968564510345, 2.53663921356201, 0.87837117910385, 0.99182111024857, 1.20046973228455, 0.49542313814163, 0.17221781611443, -1.04009294509888, 0.55776715278625, 0.89546942710876, 0.54336035251617, 0.51420325040817, 0.97576177120209, 0.47378355264664, 0.49169367551804, 0.98439919948578, 0.45708805322647, 0.46231207251549, 0.96982979774475, 0.45170927047729, 0.43989685177803, 0.94799119234085, 0.46246898174286, 0.80400210618973, 1.00165498256683, 1.31780779361725, 0.79453247785568, 1.11518359184265, 1.30341303348541, 0.78974628448486, 1.13741457462311, 1.28489565849304, 0.78464871644974, 1.13709247112274, 1.25205683708191, 0.78801894187927, 1.12034213542938, 1.22371602058411
-0.26357173919678, 0.7674908041954, -1.2378214597702, 0.35508415102959, 3.17752289772034, 1.64322376251221, -0.00523114204407, 0.28131258487701, 0.52852803468704, 0.7326095700264, 1.48780512809753, 1.14671921730042, -0.97376304864883, -1.80192315578461, -0.09842412173748, 0.43476331233978, 0.88117897510529, 0.60805767774582, 0.00838448479772, -2.00279140472412, 2.53960967063904, 0.87588798999786, 0.99672442674637, 1.19205975532532, 0.48959648609161, 0.20187711715698, -1.02563464641571, 0.55822265148163, 0.89440006017685, 0.54498076438904, 0.51497703790665, 0.97455853223801, 0.47505176067352, 0.49253067374229, 0.983178794384, 0.45826262235641, 0.46314784884453, 0.96863144636154, 0.45283108949661, 0.44067177176476, 0.94684982299805, 0.46357929706573, 0.80408596992493, 1.00596070289612, 1.31103384494781, 0.79274320602417, 1.1192991733551, 1.29649603366852, 0.78723341226578, 1.14139807224274, 1.27802169322968, 0.78139340877533, 1.14089155197144, 1.24530899524689, 0.78434479236603, 1.12408912181854, 1.21695232391357
-0.26286363601685, 0.70012801885605, -1.18805396556854, -0.40255433320999, 2.73883461952209, 1.63219380378723, -0.00729864835739, 0.28653943538666, 0.51913970708847, 0.73197871446609, 1.48855340480804, 1.14608311653137, -0.97250306606293, -1.79637289047241, -0.10248172283173, 0.43529164791107, 0.88097566366196, 0.60976296663284, 0.00831974484026, -2.00530958175659, 2.54187297821045, 0.87362653017044, 1.00107228755951, 1.18386650085449, 0.48058560490608, 0.22524082660675, -1.01387405395508, 0.55892384052277, 0.89394456148148, 0.54697293043137, 0.51593685150146, 0.97400450706482, 0.47677218914032, 0.49354183673859, 0.98261332511902, 0.45990869402885, 0.46415817737579, 0.96808451414108, 0.4544321000576, 0.44163289666176, 0.94634741544724, 0.46516734361649, 0.80385142564774, 1.01024293899536, 1.30404555797577, 0.79087656736374, 1.12333691120148, 1.28897774219513, 0.78477030992508, 1.14524352550507, 1.27046191692352, 0.77835428714752, 1.14444744586945, 1.23786318302155, 0.7810030579567, 1.12749171257019, 1.20956790447235
-0.24880884587765, 0.62696450948715, -1.12659931182861, -0.79215812683105, 2.1459219455719, 1.44948470592499, -0.00923866033554, 0.29121804237366, 0.50978380441666, 0.73125100135803, 1.48926424980164, 1.1455602645874, -0.97155553102493, -1.79127562046051, -0.10595773905516, 0.43578732013702, 0.87988901138306, 0.61039358377457, 0.00895499158651, -2.00642728805542, 2.54257202148438, 0.87149733304977, 1.00520920753479, 1.17569231987, 0.47696360945702, 0.24700923264027, -1.00564467906952, 0.55948632955551, 0.89283621311188, 0.54773086309433, 0.51655578613281, 0.97282069921494, 0.47740969061852, 0.49417734146118, 0.98140794038773, 0.46051329374313, 0.46480393409729, 0.96686595678329, 0.45501679182053, 0.4422727227211, 0.94513213634491, 0.46574631333351, 0.80382210016251, 1.01405262947083, 1.29709053039551, 0.78967827558517, 1.12701141834259, 1.28206157684326, 0.78306603431702, 1.14883399009705, 1.2636204957962, 0.77607178688049, 1.14792561531067, 1.23114383220673, 0.77834671735764, 1.13093829154968, 1.20283508300781
-0.23339508473873, 0.56130409240723, -1.12257957458496, -0.21756908297539, 2.15703582763672, 0.95382183790207, -0.0109835267067, 0.29500842094421, 0.50070506334305, 0.73051142692566, 1.48993730545044, 1.14513516426086, -0.97075992822647, -1.78756010532379, -0.10780019313097, 0.43613755702972, 0.87879800796509, 0.61111408472061, 0.00926778558642, -2.00766921043396, 2.5442202091217, 0.86956030130386, 1.00875115394592, 1.16779947280884, 0.47818976640701, 0.2678080201149, -1.00035190582275, 0.55992060899734, 0.89159232378006, 0.54858595132828, 0.5171115398407, 0.97148001194, 0.47808092832565, 0.49475789070129, 0.98004901409149, 0.46114248037338, 0.4653854072094, 0.96551018953323, 0.45563268661499, 0.44283172488213, 0.943803191185, 0.46636918187141, 0.80408996343613, 1.01702201366425, 1.29044079780579, 0.78919678926468, 1.12995445728302, 1.27594757080078, 0.78215503692627, 1.15179193019867, 1.25768399238586, 0.774569272995, 1.15092992782593, 1.22533905506134, 0.77639532089233, 1.13401865959167, 1.19695222377777
-0.20987032353878, 0.45484539866447, -1.08916282653809, 0.28604230284691, 2.20555472373962, 0.5084599852562, -0.01247119903564, 0.2979474067688, 0.49202114343643, 0.7297722697258, 1.49064314365387, 1.14474201202393, -0.9699946641922, -1.78530538082123, -0.10893955081701, 0.43710815906525, 0.8779228925705, 0.61181372404099, 0.01068270206451, -2.00686478614807, 2.54518055915833, 0.86790317296982, 1.01161432266235, 1.16019368171692, 0.47991859912872, 0.28554680943489, -0.99801576137543, 0.56083023548126, 0.89073371887207, 0.54916846752167, 0.51789516210556, 0.97048026323318, 0.47858029603958, 0.4955205321312, 0.97900480031967, 0.46164709329605, 0.46615642309189, 0.96443217992783, 0.45618200302124, 0.44363033771515, 0.94272124767303, 0.46696829795837, 0.80447310209274, 1.01951241493225, 1.28392696380615, 0.78917074203491, 1.13245368003845, 1.26993703842163, 0.78179287910461, 1.15432071685791, 1.25184226036072, 0.77367049455643, 1.15351867675781, 1.21962642669678, 0.77504867315292, 1.13667321205139, 1.19117522239685
-0.17889259755611, 0.35270687937737, -1.04181289672852, 0.26765349507332, 2.00031065940857, 0.18254099786282, -0.01352906227112, 0.29922759532928, 0.48389559984207, 0.72899103164673, 1.49126183986664, 1.14431500434875, -0.96911132335663, -1.78376400470734, -0.10835994780064, 0.43822240829468, 0.87711352109909, 0.61264270544052, 0.01218951400369, -2.00700163841248, 2.54638957977295, 0.8666895031929, 1.0130980014801, 1.15298795700073, 0.47994431853294, 0.29770389199257, -1.00181555747986, 0.56194293498993, 0.88992160558701, 0.54999387264252, 0.51895040273666, 0.96950900554657, 0.47926127910614, 0.49657109379768, 0.97798502445221, 0.46230992674828, 0.46722030639648, 0.96337789297104, 0.45686569809914, 0.44471114873886, 0.9416663646698, 0.46768623590469, 0.80501288175583, 1.02131569385529, 1.27758383750916, 0.78988212347031, 1.13429307937622, 1.26369893550873, 0.78232383728027, 1.15616726875305, 1.24568736553192, 0.77375149726868, 1.15536177158356, 1.21358835697174, 0.77467930316925, 1.1384859085083, 1.18513715267181
-0.12712240219116, 0.15365122258663, -0.97493642568588, -0.113411270082, 1.66396260261536, -0.38770562410355, -0.01438319683075, 0.29997980594635, 0.47607856988907, 0.72826194763184, 1.4918749332428, 1.14385557174683, -0.9683855175972, -1.78124904632568, -0.10922223329544, 0.43905925750732, 0.8762286901474, 0.61346417665482, 0.01337194163352, -2.00817203521729, 2.54772162437439, 0.86569368839264, 1.01401460170746, 1.14611744880676, 0.47809472680092, 0.30994778871536, -1.00586581230164, 0.56284761428833, 0.88899284601212, 0.5509404540062, 0.51989877223969, 0.96843749284744, 0.48002105951309, 0.49753531813622, 0.97687321901321, 0.46302872896194, 0.46819841861725, 0.96224182844162, 0.45757460594177, 0.44568741321564, 0.94053733348846, 0.4684054851532, 0.80580550432205, 1.02276229858398, 1.27154695987701, 0.79080301523209, 1.1357433795929, 1.25755381584167, 0.78305375576019, 1.15758848190308, 1.23958814144135, 0.77402698993683, 1.15671730041504, 1.20761573314667, 0.77450495958328, 1.13975858688354, 1.17920255661011
-0.10268925875425, 0.09023665636778, -0.93794339895248, -0.34048488736153, 1.69366669654846, -0.34534403681755, -0.01498031616211, 0.29925560951233, 0.46841758489609, 0.72751450538635, 1.49237680435181, 1.14330816268921, -0.96705973148346, -1.77838945388794, -0.11046417802572, 0.44034445285797, 0.87554109096527, 0.61429041624069, 0.01533187180758, -2.00951838493347, 2.5484516620636, 0.86493492126465, 1.01368546485901, 1.13953256607056, 0.47553357481956, 0.32183027267456, -1.01457488536835, 0.56419879198074, 0.88839340209961, 0.55191558599472, 0.52123004198074, 0.96766918897629, 0.48081946372986, 0.49887731671333, 0.97604674100876, 0.46378421783447, 0.46956932544708, 0.96136426925659, 0.45831221342087, 0.44707542657852, 0.93964296579361, 0.46914494037628, 0.80710625648499, 1.02342820167542, 1.2658519744873, 0.792620241642, 1.13643765449524, 1.25154626369476, 0.78472900390625, 1.15824699401855, 1.2335991859436, 0.77518969774246, 1.15728259086609, 1.20177865028381, 0.77510541677475, 1.14018523693085, 1.1734447479248
-0.07176875323057, -0.08691786974669, -0.91927522420883, -0.58074933290482, 1.9070383310318, -0.78713130950928, -0.01598793268204, 0.29989469051361, 0.4604714512825, 0.72671282291412, 1.49290812015533, 1.14285349845886, -0.9656497836113, -1.7747448682785, -0.11293778568506, 0.44109362363815, 0.87460136413574, 0.61498612165451, 0.01638400740921, -2.01122736930847, 2.54973363876343, 0.86380249261856, 1.01441788673401, 1.13274383544922, 0.47427299618721, 0.33808091282845, -1.01696145534515, 0.56505042314529, 0.88740396499634, 0.55280494689941, 0.52217257022858, 0.96654784679413, 0.48150727152824, 0.49984601140022, 0.97488886117935, 0.46441996097565, 0.47055345773697, 0.9601856470108, 0.45892092585564, 0.4480496942997, 0.93847262859344, 0.46974962949753, 0.80818867683411, 1.02448976039886, 1.26002836227417, 0.79363572597504, 1.13749551773071, 1.24576187133789, 0.78546899557114, 1.15928423404694, 1.22791302204132, 0.77537775039673, 1.15827572345734, 1.19626450538635, 0.77477502822876, 1.14112567901611, 1.16796886920929
-0.12120722979307, 0.07667540758848, -0.95336431264877, -0.22601196169853, 2.08179330825806, -0.19245938956738, -0.01692909002304, 0.2992570400238, 0.45282727479935, 0.72591555118561, 1.49342608451843, 1.14252257347107, -0.96436738967896, -1.77167558670044, -0.11480946838856, 0.44237142801285, 0.87384897470474, 0.61533886194229, 0.01879915781319, -2.01437163352966, 2.55045032501221, 0.8627495765686, 1.01386427879334, 1.12637162208557, 0.47149220108986, 0.3556225001812, -1.01995134353638, 0.5664998292923, 0.88678014278412, 0.55352765321732, 0.52369916439056, 0.96572351455688, 0.48196184635162, 0.50141102075577, 0.97399395704269, 0.46479022502899, 0.47216361761093, 0.95922648906708, 0.45922350883484, 0.44966647028923, 0.93748939037323, 0.47001773118973, 0.80956745147705, 1.02447068691254, 1.25464808940887, 0.79491966962814, 1.13744878768921, 1.24025988578796, 0.78645020723343, 1.1591876745224, 1.22249162197113, 0.77576094865799, 1.15808439254761, 1.19104325771332, 0.77459722757339, 1.14083623886108, 1.16282486915588
-0.11325358599424, -0.07656096667051, -0.91715806722641, -0.42218378186226, 2.26775717735291, -0.18691124022007, -0.01807820796967, 0.29938459396362, 0.44500058889389, 0.7251324057579, 1.49389326572418, 1.14233493804932, -0.96287232637405, -1.77015435695648, -0.11510545015335, 0.44345551729202, 0.87308371067047, 0.61592417955399, 0.02126654982567, -2.01718401908875, 2.55142450332642, 0.8615300655365, 1.01382339000702, 1.11988854408264, 0.46671062707901, 0.37582811713219, -1.01927828788757, 0.56773501634598, 0.88611978292465, 0.55443954467773, 0.52499485015869, 0.96484661102295, 0.4825995862484, 0.50274062156677, 0.97304332256317, 0.46534883975983, 0.47353577613831, 0.95821219682693, 0.45972812175751, 0.45104742050171, 0.93645542860031, 0.47050085663795, 0.81088614463806, 1.02485930919647, 1.24915218353271, 0.79569375514984, 1.1377420425415, 1.23458087444305, 0.78682219982147, 1.15938591957092, 1.21689295768738, 0.77551192045212, 1.15812432765961, 1.18566858768463, 0.77382695674896, 1.14075326919556, 1.15755200386047
-0.1383376121521, 0.01519203092903, -0.93905919790268, -0.51026880741119, 2.3891429901123, 0.27236506342888, -0.01918709278107, 0.29921591281891, 0.43750566244125, 0.72431099414825, 1.49433493614197, 1.14222717285156, -0.96105223894119, -1.77005755901337, -0.11395949870348, 0.44462406635284, 0.87237024307251, 0.61649376153946, 0.02378842607141, -2.01993680000305, 2.55246615409851, 0.86039197444916, 1.01335859298706, 1.11366271972656, 0.45748952031136, 0.39456686377525, -1.01850879192352, 0.56904995441437, 0.88550835847855, 0.55532771348953, 0.52636635303497, 0.96401125192642, 0.48320955038071, 0.50414526462555, 0.97213232517242, 0.46588051319122, 0.47498318552971, 0.95723658800125, 0.46020895242691, 0.45250460505486, 0.93546068668365, 0.47096347808838, 0.81208646297455, 1.02526617050171, 1.24374139308929, 0.79615724086761, 1.13796150684357, 1.22852158546448, 0.78687173128128, 1.15942144393921, 1.210822224617, 0.77499496936798, 1.15785455703735, 1.17982280254364, 0.77286612987518, 1.14024341106415, 1.1518862247467
-0.13352394104004, -0.02045631222427, -0.89937680959702, -0.99438428878784, 2.20751476287842, 0.49234485626221, -0.01989489793777, 0.29802286624908, 0.43110197782516, 0.72347843647003, 1.49473690986633, 1.14219856262207, -0.95886117219925, -1.77175903320313, -0.11136816442013, 0.44650495052338, 0.87175303697586, 0.61703139543533, 0.02705560065806, -2.02279186248779, 2.55304503440857, 0.8596955537796, 1.01181149482727, 1.10801362991333, 0.43907210230827, 0.40308526158333, -1.02130150794983, 0.57107025384903, 0.88510739803314, 0.55619692802429, 0.52838325500488, 0.96335500478745, 0.48380392789841, 0.50619029998779, 0.97138261795044, 0.46639546751976, 0.47708475589752, 0.95639741420746, 0.46066930890083, 0.45463395118713, 0.93458199501038, 0.47140175104141, 0.81259399652481, 1.02582550048828, 1.23832380771637, 0.79596394300461, 1.13815224170685, 1.2212427854538, 0.78640198707581, 1.15924644470215, 1.20325314998627, 0.77423340082169, 1.15706622600555, 1.17240428924561, 0.77192080020905, 1.13894593715668, 1.14481008052826
-0.08525847643614, -0.14356611669064, -0.76881402730942, -2.15372967720032, 1.16745150089264, 0.57992202043533, -0.02034425735474, 0.29636418819427, 0.42494148015976, 0.72265154123306, 1.49508190155029, 1.14213919639587, -0.95702296495438, -1.77452683448792, -0.10786675661802, 0.44810146093369, 0.87111341953278, 0.61765331029892, 0.02974592708051, -2.02541017532349, 2.55356073379517, 0.85924184322357, 1.01007580757141, 1.10253953933716, 0.4239404797554, 0.40935459733009, -1.02740240097046, 0.57279706001282, 0.88464146852493, 0.55712485313416, 0.5301296710968, 0.96267646551132, 0.48449122905731, 0.50796508789063, 0.97062683105469, 0.46701127290726, 0.47890761494637, 0.95556837320328, 0.46123322844505, 0.45647647976875, 0.93372136354446, 0.47194242477417, 0.81327718496323, 1.02614653110504, 1.23301815986633, 0.79638946056366, 1.13817024230957, 1.21428000926971, 0.78664910793304, 1.15896439552307, 1.19603848457336, 0.77421122789383, 1.15627813339233, 1.16533732414246, 0.77167290449142, 1.13771414756775, 1.13805973529816
-0.05411624535918, -0.19937036931515, -0.7395743727684, -1.93113434314728, 1.05868685245514, 0.10667587071657, -0.02037280797958, 0.29308080673218, 0.41935938596725, 0.72173941135406, 1.49537897109985, 1.1421160697937, -0.95556139945984, -1.77813279628754, -0.1037245541811, 0.45017838478088, 0.8706728219986, 0.61821466684341, 0.03354486823082, -2.02756905555725, 2.55377078056335, 0.85918062925339, 1.00709617137909, 1.09771275520325, 0.4120936691761, 0.4147814810276, -1.03863859176636, 0.57495939731598, 0.88450247049332, 0.5579309463501, 0.53219103813171, 0.96226036548615, 0.48505985736847, 0.51003819704056, 0.97010457515717, 0.46751722693443, 0.4810434281826, 0.95493900775909, 0.46170443296432, 0.45866167545319, 0.93303751945496, 0.47240579128265, 0.81460022926331, 1.02533257007599, 1.228386759758, 0.79803985357285, 1.13714253902435, 1.20814061164856, 0.78821271657944, 1.15770769119263, 1.18968725204468, 0.77545553445816, 1.15462183952332, 1.15915513038635, 0.77255880832672, 1.13566470146179, 1.13218533992767
-0.00349760032259, -0.39423462748528, -0.67010873556137, -1.79529321193695, 1.19802451133728, -0.55947148799896, -0.0204411149025, 0.28976488113403, 0.41359776258469, 0.72079384326935, 1.49561583995819, 1.14209604263306, -0.95492208003998, -1.78151738643646, -0.0999855324626, 0.45211964845657, 0.8702574968338, 0.61875730752945, 0.03753067180514, -2.02940821647644, 2.55383276939392, 0.85907101631165, 1.00433111190796, 1.09286570549011, 0.40504309535027, 0.42231714725494, -1.05184924602509, 0.57696187496185, 0.88442069292068, 0.55867797136307, 0.5340524315834, 0.96189397573471, 0.48558700084686, 0.51190429925919, 0.96962767839432, 0.46798944473267, 0.48297429084778, 0.95434880256653, 0.46215096116066, 0.46065065264702, 0.93238741159439, 0.47285097837448, 0.81632071733475, 1.02441370487213, 1.22388017177582, 0.80041241645813, 1.13612079620361, 1.20257079601288, 0.79051703214645, 1.15655636787415, 1.18401038646698, 0.77734446525574, 1.15323114395142, 1.15368056297302, 0.77394777536392, 1.13399457931519, 1.12696814537048
-0.008225440979, -0.39801117777824, -0.69152349233627, -1.36344182491302, 1.53274953365326, -0.98438853025436, -0.02040058374405, 0.2860289812088, 0.40815609693527, 0.7198731303215, 1.49579417705536, 1.14214587211609, -0.95470577478409, -1.78472888469696, -0.09655111283064, 0.45399224758148, 0.87014305591583, 0.61958056688309, 0.04223024845123, -2.03119468688965, 2.55356621742249, 0.85907185077667, 1.00135135650635, 1.08831167221069, 0.40104508399963, 0.42893889546394, -1.06716322898865, 0.57887870073318, 0.88473618030548, 0.55969643592834, 0.53576451539993, 0.96188813447952, 0.48638641834259, 0.51361441612244, 0.96949338912964, 0.46873533725739, 0.48476126790047, 0.95407861471176, 0.46287387609482, 0.4625138938427, 0.9320405125618, 0.47357493638992, 0.81821221113205, 1.02314209938049, 1.21965599060059, 0.803278028965, 1.1348158121109, 1.19748508930206, 0.79337590932846, 1.15518629550934, 1.17885673046112, 0.77978372573853, 1.15172469615936, 1.14872789382935, 0.77583485841751, 1.13227772712708, 1.1222448348999
0.00491380644962, -0.448336571455, -0.65307134389877, -1.13591051101685, 1.51630818843842, -1.34192669391632, -0.0204274058342, 0.28239417076111, 0.40301567316055, 0.71899139881134, 1.49593484401703, 1.14231872558594, -0.95520228147507, -1.78812718391418, -0.09306694567204, 0.45659995079041, 0.87097281217575, 0.62164515256882, 0.0471817292273, -2.03316068649292, 2.55271792411804, 0.85902810096741, 0.99841517210007, 1.08403038978577, 0.39804449677467, 0.43598464131355, -1.08090138435364, 0.58153021335602, 0.88608050346375, 0.56198036670685, 0.53818714618683, 0.96291840076447, 0.48847568035126, 0.51603490114212, 0.97039151191711, 0.4707710146904, 0.48726758360863, 0.95482963323593, 0.46487638354301, 0.46510583162308, 0.93270015716553, 0.47556656599045, 0.82002830505371, 1.0216703414917, 1.21568858623505, 0.80595767498016, 1.13331162929535, 1.19280087947845, 0.79603266716003, 1.15363383293152, 1.17413198947906, 0.78203248977661, 1.1500723361969, 1.14420235157013, 0.77755689620972, 1.13045656681061, 1.11792826652527
-0.00319004035555, -0.43619152903557, -0.6168937087059, -0.9636834859848, 1.4870320558548, -1.22828102111816, -0.02072411775589, 0.27948778867722, 0.39813131093979, 0.71810686588287, 1.49604165554047, 1.14258289337158, -0.95509368181229, -1.7917697429657, -0.08932917565107, 0.45813167095184, 0.87074172496796, 0.62196403741837, 0.05220486968756, -2.03495335578918, 2.55152678489685, 0.85874754190445, 0.99596238136292, 1.08004522323608, 0.39890158176422, 0.44641962647438, -1.08851790428162, 0.58308786153793, 0.88640701770782, 0.56249767541885, 0.53948700428009, 0.96293956041336, 0.4888271689415, 0.5173282623291, 0.97028040885925, 0.47107535600662, 0.48864975571632, 0.95456719398499, 0.46514940261841, 0.4665809571743, 0.93233919143677, 0.47582739591599, 0.82167172431946, 1.01976609230042, 1.21216058731079, 0.8080438375473, 1.13144946098328, 1.18921005725861, 0.79800605773926, 1.1517972946167, 1.17062962055206, 0.78358256816864, 1.14826488494873, 1.14089810848236, 0.77862411737442, 1.12862253189087, 1.11473083496094
-0.0356912612915, -0.3487157523632, -0.58599466085434, -0.26679992675781, 1.6051938533783, -0.80502980947495, -0.02123641967773, 0.27738320827484, 0.39361435174942, 0.71729081869125, 1.49614834785461, 1.14296507835388, -0.95495933294296, -1.7968510389328, -0.08423358947039, 0.45965552330017, 0.87056541442871, 0.62223440408707, 0.05749114602804, -2.03640460968018, 2.55037117004395, 0.85827845335007, 0.99403935670853, 1.07640743255615, 0.40520098805428, 0.4597769677639, -1.08888399600983, 0.58461052179337, 0.88680624961853, 0.56292015314102, 0.540711581707, 0.96301072835922, 0.48908665776253, 0.51853942871094, 0.97021162509918, 0.47129434347153, 0.48995196819305, 0.95434033870697, 0.46534979343414, 0.46798515319824, 0.93201118707657, 0.47602707147598, 0.82306236028671, 1.01722311973572, 1.20914030075073, 0.80947214365005, 1.12907254695892, 1.18699014186859, 0.79924762248993, 1.14955317974091, 1.16865909099579, 0.78441345691681, 1.14622902870178, 1.13910615444183, 0.77904158830643, 1.12674701213837, 1.11290073394775
-0.06166219338775, -0.25239229202271, -0.54167747497559, 0.66028821468353, 1.6191873550415, -0.36768597364426, -0.02184963226318, 0.27584272623062, 0.38983851671219, 0.7164688706398, 1.49622225761414, 1.14341115951538, -0.9544278383255, -1.80292367935181, -0.07815706729889, 0.46136868000031, 0.87054127454758, 0.62232905626297, 0.06310819089413, -2.03700232505798, 2.54855394363403, 0.85772347450256, 0.99241495132446, 1.07338047027588, 0.4159768819809, 0.47422021627426, -1.08249449729919, 0.58625590801239, 0.88745731115341, 0.56306082010269, 0.54194951057434, 0.9633377790451, 0.48913711309433, 0.51974439620972, 0.97039318084717, 0.47132754325867, 0.49125292897224, 0.95435005426407, 0.46538347005844, 0.46941149234772, 0.93190276622772, 0.4760702252388, 0.82408154010773, 1.01395416259766, 1.20679700374603, 0.81019449234009, 1.12606048583984, 1.18618297576904, 0.79974639415741, 1.14675962924957, 1.16822731494904, 0.78456276655197, 1.14379131793976, 1.13881433010101, 0.77888554334641, 1.12462949752808, 1.11243772506714
-0.07382153719664, -0.1846289485693, -0.45259949564934, 1.47006464004517, 1.42800736427307, 0.04478869587183, -0.02238750457764, 0.27403700351715, 0.38565510511398, 0.71560031175613, 1.49630153179169, 1.1438136100769, -0.95362949371338, -1.80977964401245, -0.07185806334019, 0.46317332983017, 0.8705068230629, 0.62263602018356, 0.06826766580343, -2.03744006156921, 2.54745531082153, 0.85724407434464, 0.99067687988281, 1.06993961334229, 0.42160758376122, 0.48624897003174, -1.08111655712128, 0.58799451589584, 0.88798028230667, 0.56339037418365, 0.54332888126373, 0.9635346531868, 0.48934888839722, 0.52109467983246, 0.97045278549194, 0.47152182459831, 0.49268761277199, 0.95425659418106, 0.46558892726898, 0.47095701098442, 0.9317125082016, 0.47629791498184, 0.82516652345657, 1.01151967048645, 1.20385110378265, 0.81121414899826, 1.12375938892365, 1.18402218818665, 0.80059230327606, 1.14457356929779, 1.1663031578064, 0.78506797552109, 1.14179158210754, 1.13705015182495, 0.77905970811844, 1.1227855682373, 1.11063408851624
-0.0647234916687, -0.21655796468258, -0.50168037414551, 0.67043614387512, 1.37648737430573, -0.1778702288866, -0.02275478839874, 0.27180689573288, 0.38271886110306, 0.7147815823555, 1.49634790420532, 1.14426374435425, -0.9530189037323, -1.81783151626587, -0.06548978388309, 0.46512889862061, 0.87070834636688, 0.62279278039932, 0.07332468032837, -2.03660535812378, 2.54567384719849, 0.85691946744919, 0.9884352684021, 1.06745910644531, 0.42158082127571, 0.49319997429848, -1.08092260360718, 0.58979856967926, 0.88880431652069, 0.56341511011124, 0.54466092586517, 0.96406918764114, 0.48936504125595, 0.52237313985825, 0.97085678577423, 0.47155463695526, 0.49404692649841, 0.95450568199158, 0.46566015481949, 0.47244676947594, 0.93185383081436, 0.47640547156334, 0.82575935125351, 1.00926470756531, 1.20158910751343, 0.81165212392807, 1.1215033531189, 1.18186330795288, 0.80090522766113, 1.1423168182373, 1.16421890258789, 0.785180747509, 1.13953387737274, 1.13507318496704, 0.77899432182312, 1.12052845954895, 1.10869789123535
-0.04420280084014, -0.26762008666992, -0.35224911570549, 0.00816735439003, 0.82835572957993, 0.02002596668899, -0.0229229927063, 0.26910638809204, 0.37965279817581, 0.71395885944366, 1.4963641166687, 1.14470148086548, -0.9526219367981, -1.82637393474579, -0.0586270019412, 0.46689885854721, 0.87086915969849, 0.62293344736099, 0.07830339670181, -2.03543829917908, 2.54388904571533, 0.85676395893097, 0.9859402179718, 1.06462597846985, 0.41498976945877, 0.49357360601425, -1.08759498596191, 0.59139448404312, 0.88958066701889, 0.56338167190552, 0.54576617479324, 0.96455973386765, 0.48934239149094, 0.52341997623444, 0.97121876478195, 0.47155675292015, 0.49517229199409, 0.95471549034119, 0.46570974588394, 0.47370532155037, 0.93195748329163, 0.47649765014648, 0.82606559991837, 1.00800478458405, 1.19866490364075, 0.81214827299118, 1.12009930610657, 1.17800736427307, 0.80139338970184, 1.14078295230865, 1.16021573543549, 0.7855726480484, 1.13778245449066, 1.13114368915558, 0.77926218509674, 1.11856257915497, 1.10495388507843
-0.02018451504409, -0.32418248057365, -0.36811348795891, -1.0380437374115, 0.36655759811401, -0.26851400732994, -0.02254456281662, 0.26543551683426, 0.37758272886276, 0.71308523416519, 1.49632620811462, 1.14520978927612, -0.95255917310715, -1.83557176589966, -0.05127391964197, 0.46877205371857, 0.87117397785187, 0.6230154633522, 0.08362123370171, -2.03377270698547, 2.54257416725159, 0.85713881254196, 0.98275774717331, 1.06273484230042, 0.40992322564125, 0.49148142337799, -1.09853780269623, 0.59306037425995, 0.89047801494598, 0.56322032213211, 0.5469012260437, 0.96512258052826, 0.48917210102081, 0.52448832988739, 0.97164058685303, 0.47141817212105, 0.49631893634796, 0.95497959852219, 0.46564111113548, 0.47499296069145, 0.93212032318115, 0.47649449110031, 0.82689446210861, 1.00625157356262, 1.19663405418396, 0.81364989280701, 1.11823880672455, 1.17497622966766, 0.80298686027527, 1.13882684707642, 1.15701925754547, 0.7870796918869, 1.1356612443924, 1.12801206111908, 0.7805849313736, 1.11624240875244, 1.10201478004456
0.04554748162627, -0.44058319926262, -0.24862287938595, -1.10618686676025, 0.27626463770866, -0.77146679162979, -0.02200549840927, 0.26111209392548, 0.37597841024399, 0.71211767196655, 1.49622845649719, 1.14581727981567, -0.95334249734879, -1.8449079990387, -0.04184415563941, 0.47085005044937, 0.87178081274033, 0.62295478582382, 0.08917659521103, -2.03120350837708, 2.54158806800842, 0.85767292976379, 0.97929656505585, 1.061363697052, 0.4078221321106, 0.48827627301216, -1.11468267440796, 0.59487318992615, 0.89166104793549, 0.5627988576889, 0.54811453819275, 0.96593606472015, 0.48875516653061, 0.52561974525452, 0.9723042845726, 0.4710505604744, 0.49752572178841, 0.95548188686371, 0.46537488698959, 0.47635266184807, 0.93252509832382, 0.47632119059563, 0.82815194129944, 1.00433254241943, 1.1951447725296, 0.81618916988373, 1.11627674102783, 1.17253947257996, 0.80571675300598, 1.13683342933655, 1.1544349193573, 0.78967785835266, 1.13360524177551, 1.12550723552704, 0.7828643321991, 1.11403822898865, 1.09970331192017
-0.03139543533325, -0.28674459457397, -0.38475894927979, 0.00032866001129, 0.85558253526688, -0.22900003194809, -0.02200549840927, 0.26111209392548, 0.37597841024399, 0.71131139993668, 1.49612295627594, 1.1463406085968, -0.95401698350906, -1.85450518131256, -0.03330055251718, 0.47188377380371, 0.87178939580917, 0.62287563085556, 0.09401865303516, -2.0294349193573, 2.54056119918823, 0.85814601182938, 0.97610920667648, 1.05961418151855, 0.40642717480659, 0.48524761199951, -1.13002216815948, 0.59569811820984, 0.89218944311142, 0.56246411800385, 0.54844629764557, 0.96614795923233, 0.4884167611599, 0.52588826417923, 0.9723864197731, 0.47074633836746, 0.49786478281021, 0.9554226398468, 0.46514371037483, 0.47682240605354, 0.93237817287445, 0.47615766525269, 0.82933580875397, 1.00253522396088, 1.19328284263611, 0.81862330436707, 1.11443316936493, 1.16983664035797, 0.80833798646927, 1.13497006893158, 1.15160298347473, 0.79217272996902, 1.1317058801651, 1.12274980545044, 0.78504943847656, 1.11201989650726, 1.09712052345276
-0.03136927261949, -0.3681723177433, -0.38443830609322, 0.00032838611514, 0.85486954450607, -0.22880919277668, -0.02226620912552, 0.25804376602173, 0.37277382612228, 0.71051406860352, 1.49598050117493, 1.14693450927734, -0.95479983091354, -1.8646422624588, -0.02363970689476, 0.47234070301056, 0.87178981304169, 0.62249761819839, 0.09711819887161, -2.02737879753113, 2.53929972648621, 0.85920232534409, 0.97226375341415, 1.05910706520081, 0.40294814109802, 0.47447380423546, -1.1502206325531, 0.59595453739166, 0.89258778095245, 0.56181186437607, 0.54829525947571, 0.96637004613876, 0.48784980177879, 0.52567821741104, 0.97252893447876, 0.47022700309753, 0.49769929051399, 0.95547038316727, 0.46468949317932, 0.47675794363022, 0.93235856294632, 0.475754737854, 0.8304231762886, 1.00067377090454, 1.1923748254776, 0.82144099473953, 1.11243689060211, 1.16759717464447, 0.81151223182678, 1.13291001319885, 1.14909589290619, 0.79537916183472, 1.12954938411713, 1.1202358007431, 0.78803384304047, 1.10967338085175, 1.09481680393219
-0.03134313225746, -0.44953218102455, -0.38411793112755, 0.00032811245183, 0.85415714979172, -0.22861851751804, -0.02252674102783, 0.25429743528366, 0.36957198381424, 0.70971065759659, 1.49579012393951, 1.14773845672607, -0.95528382062912, -1.87396693229675, -0.01462824176997, 0.47287917137146, 0.87164700031281, 0.62220734357834, 0.10046901553869, -2.02634978294373, 2.53821325302124, 0.85993194580078, 0.96886450052261, 1.05821084976196, 0.40166914463043, 0.46712797880173, -1.16822052001953, 0.59635078907013, 0.89284473657608, 0.5613706111908, 0.54835075139999, 0.96642303466797, 0.48742568492889, 0.52569234371185, 0.97249412536621, 0.46982553601265, 0.4977667927742, 0.95533537864685, 0.46432840824127, 0.47691869735718, 0.9321563243866, 0.47542905807495, 0.83152705430984, 0.99883204698563, 1.19121754169464, 0.82413655519485, 1.11049270629883, 1.16547083854675, 0.81450355052948, 1.13094353675842, 1.14678955078125, 0.79833126068115, 1.12756240367889, 1.11795377731323, 0.79071080684662, 1.10757327079773, 1.09270513057709
-0.03131701424718, -0.53082424402237, -0.38379782438278, 0.00032783902134, 0.85344535112381, -0.22842800617218, -0.02278697490692, 0.24987363815308, 0.36637288331985, 0.70904970169067, 1.49552321434021, 1.14869713783264, -0.95610594749451, -1.88649320602417, -0.00267769023776, 0.47317755222321, 0.87163782119751, 0.62190276384354, 0.10178379714489, -2.02596402168274, 2.53743124008179, 0.8606880903244, 0.96537744998932, 1.05871272087097, 0.39825960993767, 0.4557132422924, -1.18435060977936, 0.59658843278885, 0.89303088188171, 0.5610111951828, 0.54844206571579, 0.96654486656189, 0.48709750175476, 0.52576625347137, 0.97258353233337, 0.46950858831406, 0.49786433577538, 0.95538294315338, 0.46402236819267, 0.47705668210983, 0.93217086791992, 0.47512993216515, 0.83196425437927, 0.99696534872055, 1.19127523899078, 0.82602375745773, 1.10845029354095, 1.16441559791565, 0.81672793626785, 1.128830909729, 1.1454883813858, 0.80066341161728, 1.12536072731018, 1.11660301685333, 0.79293566942215, 1.10521864891052, 1.09150886535645
-0.03129091858864, -0.6120485663414, -0.38347798585892, 0.00032756582368, 0.85273414850235, -0.22823764383793, -0.02304708957672, 0.24477297067642, 0.36317628622055, 0.70836144685745, 1.49531483650208, 1.1498281955719, -0.95647841691971, -1.89856505393982, 0.00864715781063, 0.47329497337341, 0.87159073352814, 0.62156218290329, 0.10225929319859, -2.02576613426209, 2.53652882575989, 0.86140567064285, 0.96281290054321, 1.05950403213501, 0.40591078996658, 0.448002576828, -1.19874572753906, 0.59667056798935, 0.89312160015106, 0.56064766645432, 0.54844236373901, 0.9666400551796, 0.48679184913635, 0.52575653791428, 0.97267061471939, 0.46921315789223, 0.49786713719368, 0.95545035600662, 0.46372473239899, 0.47708180546761, 0.93221455812454, 0.47482442855835, 0.83289074897766, 0.99469184875488, 1.19204199314117, 0.82870781421661, 1.10628342628479, 1.16529440879822, 0.81976348161697, 1.12682402133942, 1.14637076854706, 0.80370819568634, 1.12363064289093, 1.11744832992554, 0.79572635889053, 1.10363614559174, 1.09231579303741
-0.03126484155655, -0.69320517778397, -0.38315841555595, 0.00032729285886, 0.85202354192734, -0.22804744541645, -0.02330696582794, 0.23899602890015, 0.35998243093491, 0.7077522277832, 1.49521338939667, 1.1510214805603, -0.95661050081253, -1.91159558296204, 0.01957130432129, 0.47343587875366, 0.87153345346451, 0.62125259637833, 0.10245604068041, -2.02584528923035, 2.53545188903809, 0.86139982938766, 0.96052300930023, 1.05971431732178, 0.40999463200569, 0.44942480325699, -1.20767998695374, 0.59679561853409, 0.89319753646851, 0.56035321950912, 0.54851752519608, 0.9667494893074, 0.48656329512596, 0.52582722902298, 0.97278070449829, 0.46899056434631, 0.49794882535934, 0.95554721355438, 0.46348789334297, 0.47717890143394, 0.93228822946548, 0.47456789016724, 0.8338366150856, 0.99264258146286, 1.19239544868469, 0.83054339885712, 1.10427165031433, 1.16568005084991, 0.82169377803802, 1.1248961687088, 1.14680314064026, 0.80546647310257, 1.12185406684875, 1.11796045303345, 0.79717713594437, 1.10193717479706, 1.09286594390869
-0.0312387868762, -0.77429413795471, -0.38283911347389, 0.00032702012686, 0.85131353139877, -0.22785741090775, -0.02356654405594, 0.23254334926605, 0.35679119825363, 0.70714038610458, 1.49511742591858, 1.15220189094543, -0.95659995079041, -1.92800045013428, 0.03487173095345, 0.47345691919327, 0.87151634693146, 0.62093669176102, 0.10258436948061, -2.0262565612793, 2.53397488594055, 0.86133539676666, 0.95928913354874, 1.06161952018738, 0.42071306705475, 0.44764482975006, -1.2037091255188, 0.59681594371796, 0.89335119724274, 0.56009685993195, 0.54850101470947, 0.96695953607559, 0.48638731241226, 0.52581071853638, 0.972995698452, 0.46881631016731, 0.49794685840607, 0.95574796199799, 0.46328461170197, 0.47719174623489, 0.93245923519135, 0.47432979941368, 0.83336615562439, 0.98995494842529, 1.19455933570862, 0.83031475543976, 1.10188150405884, 1.16908895969391, 0.82155710458755, 1.12272894382477, 1.15041518211365, 0.80542355775833, 1.12003362178802, 1.12148559093475, 0.79719239473343, 1.1004114151001, 1.09614098072052
-0.0312127545476, -0.85531556606293, -0.38252007961273, 0.00032674759859, 0.85060411691666, -0.22766752541065, -0.02382600307465, 0.22541546821594, 0.35360270738602, 0.70660895109177, 1.49509811401367, 1.15338492393494, -0.95571237802505, -1.9443553686142, 0.04814424365759, 0.47327315807343, 0.87150579690933, 0.62054115533829, 0.10300160944462, -2.02654671669006, 2.53328990936279, 0.86141908168793, 0.95789813995361, 1.06353783607483, 0.42953178286552, 0.44594657421112, -1.20158219337463, 0.59663081169128, 0.89344990253448, 0.55973786115646, 0.54828238487244, 0.96705722808838, 0.48604917526245, 0.52559190988541, 0.97308558225632, 0.46847578883171, 0.49774089455605, 0.95582145452499, 0.462930560112, 0.47699910402298, 0.93251395225525, 0.47396123409271, 0.83316934108734, 0.98745250701904, 1.19666993618011, 0.83041340112686, 1.09960472583771, 1.17217695713043, 0.82174682617188, 1.12063348293304, 1.1536648273468, 0.80568265914917, 1.11822605133057, 1.12467122077942, 0.79747670888901, 1.09884428977966, 1.09913408756256
-0.03118674457073, -0.93626946210861, -0.38220131397247, 0.00032647530315, 0.84989529848099, -0.22747780382633, -0.02408522367477, 0.21761292219162, 0.35041671991348, 0.70620042085648, 1.49507558345795, 1.15450119972229, -0.95359808206558, -1.96376287937164, 0.06322029232979, 0.47313296794891, 0.87159240245819, 0.62019020318985, 0.10392255336046, -2.02659559249878, 2.53290796279907, 0.86179435253143, 0.9563934803009, 1.06599760055542, 0.43344238400459, 0.43920442461967, -1.20234549045563, 0.59646928310394, 0.89365524053574, 0.5593866109848, 0.54804843664169, 0.96720969676971, 0.48569279909134, 0.52535212039948, 0.97321438789368, 0.46811878681183, 0.49751836061478, 0.95592218637466, 0.46257442235947, 0.47679960727692, 0.93259483575821, 0.47360637784004, 0.8327574133873, 0.98558294773102, 1.19904088973999, 0.83041590452194, 1.09781968593597, 1.17489457130432, 0.82191663980484, 1.11892819404602, 1.15639555454254, 0.80603361129761, 1.11665153503418, 1.12729179859161, 0.79794758558273, 1.09737145900726, 1.10163974761963
-0.03116075508296, -1.01715588569641, -0.38188281655312, 0.00032620324055, 0.84918707609177, -0.22728824615479, -0.02434432506561, 0.20913636684418, 0.34723335504532, 0.70568299293518, 1.49505352973938, 1.15574336051941, -0.95181411504745, -1.98162269592285, 0.07850606739521, 0.47289973497391, 0.87173599004745, 0.61979800462723, 0.10549740493298, -2.02632427215576, 2.53183794021606, 0.86269855499268, 0.95492917299271, 1.06970906257629, 0.4348541200161, 0.42278861999512, -1.20358800888062, 0.59617102146149, 0.89404690265656, 0.55895298719406, 0.54758352041245, 0.96752941608429, 0.48529702425003, 0.5248692035675, 0.9734959602356, 0.46773329377174, 0.49706593155861, 0.95615285634995, 0.46219503879547, 0.47639536857605, 0.93278360366821, 0.47322881221771, 0.83159774541855, 0.98405933380127, 1.20229804515839, 0.82982069253922, 1.09631907939911, 1.17821025848389, 0.82165050506592, 1.11745607852936, 1.15959584712982, 0.80622839927673, 1.11522829532623, 1.13024151325226, 0.7985200881958, 1.09598183631897, 1.10444831848145
-0.03113478794694, -1.09797501564026, -0.38156458735466, 0.00032593141077, 0.84847944974899, -0.22709883749485, -0.02460312843323, 0.19998633861542, 0.3440528512001, 0.70535373687744, 1.49501514434814, 1.15680170059204, -0.94949769973755, -2.00024437904358, 0.09235881268978, 0.47252011299133, 0.87189489603043, 0.61931365728378, 0.1065363958478, -2.02557969093323, 2.53041386604309, 0.8636286854744, 0.95338755846024, 1.07344484329224, 0.43993613123894, 0.40559071302414, -1.20703983306885, 0.59570199251175, 0.89444720745087, 0.55837661027908, 0.54693424701691, 0.96791392564774, 0.48482418060303, 0.52419495582581, 0.97385942935944, 0.46728563308716, 0.49641373753548, 0.95647764205933, 0.46175810694695, 0.47578945755959, 0.9330672621727, 0.47279128432274, 0.8305869102478, 0.98222589492798, 1.20562756061554, 0.82973724603653, 1.09457314014435, 1.18190026283264, 0.82196432352066, 1.11581254005432, 1.16323220729828, 0.80699557065964, 1.11375939846039, 1.1336315870285, 0.799600481987, 1.09463787078857, 1.10765445232391
-0.03110884316266, -1.17872679233551, -0.38124662637711, 0.00032565981383, 0.84777235984802, -0.22690959274769, -0.02486169338226, 0.19016337394714, 0.34087485074997, 0.70501112937927, 1.49501097202301, 1.15783405303955, -0.94733303785324, -2.01723098754883, 0.10515500605106, 0.47208255529404, 0.87210881710052, 0.61881071329117, 0.1072079539299, -2.02358913421631, 2.52848792076111, 0.86459732055664, 0.95198148488998, 1.07774043083191, 0.45260480046272, 0.38697189092636, -1.21245718002319, 0.59509760141373, 0.89492583274841, 0.55763572454453, 0.54606258869171, 0.96842682361603, 0.48429548740387, 0.52327626943588, 0.97436445951462, 0.46681541204453, 0.49550801515579, 0.95695042610168, 0.46132403612137, 0.47494179010391, 0.93349462747574, 0.47236901521683, 0.82967215776443, 0.97984498739243, 1.20964777469635, 0.83025681972504, 1.09242069721222, 1.18702042102814, 0.82298797369003, 1.1139132976532, 1.16843950748444, 0.80848598480225, 1.11229014396667, 1.13858091831207, 0.80133807659149, 1.09349298477173, 1.11229956150055
