lv_x, lv_y, lv_z, av_x, av_y, av_z, pos_x, pos_y, pos_z,imu_pos_x, imu_pos_y, imu_pos_z, imu_rot_x, imu_rot_y, imu_rot_z,lh_pos_x, lh_pos_y, lh_pos_z, lh_rot_x, lh_rot_y, lh_rot_z,rh_pos_x, rh_pos_y, rh_pos_z, rh_rot_x, rh_rot_y, rh_rot_z,lh_thumb_x, lh_thumb_y, lh_thumb_z,lh_index_x, lh_index_y, lh_index_z,lh_middle_x, lh_middle_y, lh_middle_z,lh_ring_x, lh_ring_y, lh_ring_z,lh_little_x, lh_little_y, lh_little_z,rh_thumb_x, rh_thumb_y, rh_thumb_z,rh_index_x, rh_index_y, rh_index_z,rh_middle_x, rh_middle_y, rh_middle_z,rh_ring_x, rh_ring_y, rh_ring_z,rh_little_x, rh_little_y, rh_little_z
0.00000715255692, 0.00001430511384, 0.00000178813923, 0, 0, 0, 0.00118660926819, -0.014528632164, 0.00076499581337, 0.54272627830505, 1.48387324810028, 0.17432940006256, -1.03026676177979, -1.82138442993164, -0.01000289991498, -0.37614145874977, 0.80169880390167, -0.29357492923737, 0.23530438542366, 0.15449039638042, -3.03434348106384, 0.67211323976517, 0.82481408119202, 0.26221752166748, 0.43262919783592, 2.71159648895264, 1.79336321353912, -0.48094353079796, 0.76191890239716, -0.37621742486954, -0.55564016103745, 0.7769181728363, -0.29030439257622, -0.56152522563934, 0.77337068319321, -0.2617946267128, -0.54266077280045, 0.76070284843445, -0.23754309117794, -0.51208901405334, 0.75311732292175, -0.22739586234093, 0.62504321336746, 0.71333718299866, 0.19327563047409, 0.6031266450882, 0.65999954938889, 0.29257509112358, 0.59250736236572, 0.66195821762085, 0.31984075903893, 0.58030396699905, 0.68822681903839, 0.33613541722298, 0.57870250940323, 0.72121995687485, 0.33814024925232
0.15337942540646, -0.10034321993589, 0.09106992930174, -0.14310808479786, 0.15478348731995, 0.10243917256594, 0.00118660926819, -0.014528632164, 0.00076499581337, 0.54322826862335, 1.48393332958221, 0.17380630970001, -1.0302631855011, -1.82078742980957, -0.00935208331794, -0.37614145874977, 0.80169880390167, -0.29357492923737, 0.23530438542366, 0.15449039638042, -3.03434348106384, 0.67195934057236, 0.82445639371872, 0.262486577034, 0.43266135454178, 2.71148204803467, 1.7990038394928, -0.48094353079796, 0.76191890239716, -0.37621742486954, -0.55564016103745, 0.7769181728363, -0.29030439257622, -0.56152522563934, 0.77337068319321, -0.2617946267128, -0.54266077280045, 0.76070284843445, -0.23754309117794, -0.51208901405334, 0.75311732292175, -0.22739586234093, 0.62454116344452, 0.71334552764893, 0.19319316744804, 0.60212939977646, 0.65990251302719, 0.292325258255, 0.59145164489746, 0.66185343265533, 0.31956866383553, 0.57933044433594, 0.68814450502396, 0.33588850498199, 0.57787799835205, 0.72114050388336, 0.33795902132988
0.10072230547667, -0.06593227386475, 0.06007969006896, -0.07387667149305, 0.07495536655188, 0.05154453217983, 0.00206685066223, -0.0150762796402, 0.00132194161415, 0.54419714212418, 1.48409140110016, 0.17270028591156, -1.03001403808594, -1.81970059871674, -0.00749999145046, -0.37614145874977, 0.80169880390167, -0.29357492923737, 0.23530438542366, 0.15449039638042, -3.03434348106384, 0.67176246643066, 0.82368862628937, 0.26305639743805, 0.43499001860619, 2.71100807189941, 1.81037783622742, -0.48094353079796, 0.76191890239716, -0.37621742486954, -0.55564016103745, 0.7769181728363, -0.29030439257622, -0.56152522563934, 0.77337068319321, -0.2617946267128, -0.54266077280045, 0.76070284843445, -0.23754309117794, -0.51208901405334, 0.75311732292175, -0.22739586234093, 0.62356293201447, 0.7132248878479, 0.1932692527771, 0.60007780790329, 0.65980261564255, 0.29216375946999, 0.58927750587463, 0.66180515289307, 0.31935504078865, 0.57734316587448, 0.68818497657776, 0.33566930890083, 0.57622122764587, 0.7211896777153, 0.33780533075333
0, 0, 0, -0.05223309993744, 0.05299571529031, 0.03644371777773, 0.00322842597961, -0.01531785726547, 0.00200672447681, 0.54472786188126, 1.48418962955475, 0.17209875583649, -1.02987110614777, -1.81930446624756, -0.00666690338403, -0.37614145874977, 0.80169880390167, -0.29357492923737, 0.23530438542366, 0.15449039638042, -3.03434348106384, 0.67170870304108, 0.82351386547089, 0.26313674449921, 0.42785659432411, 2.71162223815918, 1.81749701499939, -0.48094353079796, 0.76191890239716, -0.37621742486954, -0.55564016103745, 0.7769181728363, -0.29030439257622, -0.56152522563934, 0.77337068319321, -0.2617946267128, -0.54266077280045, 0.76070284843445, -0.23754309117794, -0.51208901405334, 0.75311732292175, -0.22739586234093, 0.62335598468781, 0.71383607387543, 0.19222497940063, 0.5994815826416, 0.65957713127136, 0.29056924581528, 0.58862257003784, 0.661361515522, 0.31775233149529, 0.5767257809639, 0.68762516975403, 0.33428010344505, 0.57569420337677, 0.72061198949814, 0.33671650290489
0.13643503189087, -0.02911805920303, 0.07799326628447, 0, 0, 0, 0.00322842597961, -0.01531785726547, 0.00200672447681, 0.54524791240692, 1.48430216312408, 0.17149269580841, -1.02981817722321, -1.81925058364868, -0.00504177901894, -0.37614145874977, 0.80169880390167, -0.29357492923737, 0.23530438542366, 0.15449039638042, -3.03434348106384, 0.67169553041458, 0.82339638471603, 0.26323664188385, 0.42254969477654, 2.71202635765076, 1.82339096069336, -0.48094353079796, 0.76191890239716, -0.37621742486954, -0.55564016103745, 0.7769181728363, -0.29030439257622, -0.56152522563934, 0.77337068319321, -0.2617946267128, -0.54266077280045, 0.76070284843445, -0.23754309117794, -0.51208901405334, 0.75311732292175, -0.22739586234093, 0.62319546937943, 0.71435171365738, 0.1914544403553, 0.59897643327713, 0.65946400165558, 0.28936460614204, 0.5880668759346, 0.66108554601669, 0.31653764843941, 0.57620644569397, 0.68726360797882, 0.33322650194168, 0.57525771856308, 0.72023510932922, 0.33589377999306
0.0916385576129, -0.01961231045425, 0.05248725041747, 0, 0, 0, 0.00400733947754, -0.01548051834106, 0.0024680942297, 0.54623079299927, 1.48453235626221, 0.17032241821289, -1.02900159358978, -1.81892776489258, -0.00228056730703, -0.37614145874977, 0.80169880390167, -0.29357492923737, 0.23530438542366, 0.15449039638042, -3.03434348106384, 0.67190593481064, 0.82359808683395, 0.26354825496674, 0.41817143559456, 2.7122950553894, 1.82964491844177, -0.48094353079796, 0.76191890239716, -0.37621742486954, -0.55564016103745, 0.7769181728363, -0.29030439257622, -0.56152522563934, 0.77337068319321, -0.2617946267128, -0.54266077280045, 0.76070284843445, -0.23754309117794, -0.51208901405334, 0.75311732292175, -0.22739586234093, 0.62320446968079, 0.71517604589462, 0.19096377491951, 0.59857654571533, 0.65974938869476, 0.28846746683121, 0.58761018514633, 0.66123509407043, 0.31562539935112, 0.57579952478409, 0.68734645843506, 0.33245342969894, 0.57495558261871, 0.72030329704285, 0.33532825112343
0.15258549153805, 0.03235816955566, 0.09283124655485, -0.06374041736126, 0.03352436050773, 0.04096660763025, 0.00529265403748, -0.01521027088165, 0.00326204299927, 0.54724735021591, 1.48483276367188, 0.16909492015839, -1.02843189239502, -1.81924021244049, 0.00087438808987, -0.37614145874977, 0.80169880390167, -0.29357492923737, 0.23530438542366, 0.15449039638042, -3.03434348106384, 0.67291277647018, 0.82487279176712, 0.26432144641876, 0.41136601567268, 2.7094829082489, 1.82194328308105, -0.48094353079796, 0.76191890239716, -0.37621742486954, -0.55564016103745, 0.7769181728363, -0.29030439257622, -0.56152522563934, 0.77337068319321, -0.2617946267128, -0.54266077280045, 0.76070284843445, -0.23754309117794, -0.51208901405334, 0.75311732292175, -0.22739586234093, 0.62519359588623, 0.71624076366425, 0.19139927625656, 0.60110902786255, 0.66027319431305, 0.28872954845428, 0.59013772010803, 0.66156941652298, 0.3158951997757, 0.5780913233757, 0.68751579523087, 0.33281108736992, 0.57694351673126, 0.72045397758484, 0.33579295873642
0.10416983813047, 0.02205848507583, 0.06349146366119, 0, 0, 0, 0.00617271661758, -0.01502585411072, 0.00381042063236, 0.54828381538391, 1.48518919944763, 0.1678546667099, -1.02823996543884, -1.8190895318985, 0.00352068850771, -0.37614145874977, 0.80169880390167, -0.29357492923737, 0.23530438542366, 0.15449039638042, -3.03434348106384, 0.67407459020615, 0.82599532604218, 0.26526939868927, 0.40791121125221, 2.70746183395386, 1.81700038909912, -0.48094353079796, 0.76191890239716, -0.37621742486954, -0.55564016103745, 0.7769181728363, -0.29030439257622, -0.56152522563934, 0.77337068319321, -0.2617946267128, -0.54266077280045, 0.76070284843445, -0.23754309117794, -0.51208901405334, 0.75311732292175, -0.22739586234093, 0.62696427106857, 0.71718943119049, 0.19221070408821, 0.60318684577942, 0.66096872091293, 0.28947058320045, 0.59220713376999, 0.66217035055161, 0.31663718819618, 0.58001565933228, 0.68802839517593, 0.33358436822891, 0.57868444919586, 0.72095596790314, 0.33660680055618
0.21622894704342, 0.13261556625366, 0.10229407995939, -0.06549413502216, -0.00727594131604, 0.05022515356541, 0.00799286365509, -0.01391994953156, 0.00468111038208, 0.54936844110489, 1.48558950424194, 0.1665233373642, -1.02764129638672, -1.81886970996857, 0.00579045526683, -0.37614145874977, 0.80169880390167, -0.29357492923737, 0.23530438542366, 0.15449039638042, -3.03434348106384, 0.67708271741867, 0.8289800286293, 0.26642179489136, 0.40242132544518, 2.69919610023499, 1.80062448978424, -0.48094353079796, 0.76191890239716, -0.37621742486954, -0.55564016103745, 0.7769181728363, -0.29030439257622, -0.56152522563934, 0.77337068319321, -0.2617946267128, -0.54266077280045, 0.76070284843445, -0.23754309117794, -0.51208901405334, 0.75311732292175, -0.22739586234093, 0.63184762001038, 0.71933388710022, 0.19343414902687, 0.60879307985306, 0.66287732124329, 0.29073140025139, 0.59774613380432, 0.6639416217804, 0.31787645816803, 0.58511281013489, 0.68962556123734, 0.33476468920708, 0.58325088024139, 0.722531914711, 0.33773761987686
0.15313623845577, 0.09389876574278, 0.07270931452513, 0, 0, 0, 0.0092910528183, -0.01313650608063, 0.00531148910522, 0.55037015676498, 1.4860680103302, 0.16521179676056, -1.02628982067108, -1.81776428222656, 0.00801541749388, -0.37614145874977, 0.80169880390167, -0.29357492923737, 0.23530438542366, 0.15449039638042, -3.03434348106384, 0.67991173267365, 0.8315544128418, 0.26753413677216, 0.39832067489624, 2.6921112537384, 1.78681564331055, -0.48094353079796, 0.76191890239716, -0.37621742486954, -0.55564016103745, 0.7769181728363, -0.29030439257622, -0.56152522563934, 0.77337068319321, -0.2617946267128, -0.54266077280045, 0.76070284843445, -0.23754309117794, -0.51208901405334, 0.75311732292175, -0.22739586234093, 0.63625752925873, 0.72118955850601, 0.1946672052145, 0.61378568410873, 0.66460525989532, 0.29202660918236, 0.60267907381058, 0.66557133197784, 0.31915098428726, 0.58967787027359, 0.69111567735672, 0.33597165346146, 0.58737534284592, 0.72399967908859, 0.33888232707977
0.35576102137566, 0.32398220896721, 0.12829899787903, -0.08731897175312, -0.11708592623472, 0.11399515718222, 0.01230484247208, -0.01043480634689, 0.00641056895256, 0.55136936903, 1.48669338226318, 0.16393601894379, -1.02416753768921, -1.81770026683807, 0.01050390023738, -0.37614145874977, 0.80169880390167, -0.29357492923737, 0.23530438542366, 0.15449039638042, -3.03434348106384, 0.68649727106094, 0.83853852748871, 0.26880574226379, 0.39448368549347, 2.67308688163757, 1.75325202941895, -0.48094353079796, 0.76191890239716, -0.37621742486954, -0.55564016103745, 0.7769181728363, -0.29030439257622, -0.56152522563934, 0.77337068319321, -0.2617946267128, -0.54266077280045, 0.76070284843445, -0.23754309117794, -0.51208901405334, 0.75311732292175, -0.22739586234093, 0.6465625166893, 0.72619807720184, 0.19682988524437, 0.62516057491302, 0.66997057199478, 0.29463601112366, 0.61386197805405, 0.67088502645493, 0.32168281078339, 0.60001063346863, 0.69620496034622, 0.33816063404083, 0.5967236161232, 0.72903478145599, 0.34071663022041
0.25285720825195, 0.22996900975704, 0.09206234663725, -0.05616987869143, -0.06452982127666, 0.08008592575788, 0.01448583602905, -0.00851547718048, 0.00723192095757, 0.55241966247559, 1.4873720407486, 0.16275262832642, -1.02167224884033, -1.81878674030304, 0.01381876226515, -0.37614145874977, 0.80169880390167, -0.29357492923737, 0.23530438542366, 0.15449039638042, -3.03434348106384, 0.69150441884995, 0.843112885952, 0.26973593235016, 0.392538189888, 2.66407132148743, 1.7373194694519, -0.48094353079796, 0.76191890239716, -0.37621742486954, -0.55564016103745, 0.7769181728363, -0.29030439257622, -0.56152522563934, 0.77337068319321, -0.2617946267128, -0.54266077280045, 0.76070284843445, -0.23754309117794, -0.51208901405334, 0.75311732292175, -0.22739586234093, 0.653355717659, 0.72986966371536, 0.19820737838745, 0.63245415687561, 0.67383313179016, 0.29623112082481, 0.62106442451477, 0.67472332715988, 0.3232404589653, 0.60681211948395, 0.69992828369141, 0.33955186605453, 0.60305905342102, 0.73272109031677, 0.34193450212479
0.52238702774048, 0.51913976669312, 0.10677336901426, -0.16933949291706, -0.25733610987663, 0.3228417634964, 0.01904094219208, -0.00418120622635, 0.00823049247265, 0.55347973108292, 1.48808968067169, 0.16157186031342, -1.01863145828247, -1.82034838199615, 0.01880089193583, -0.37614145874977, 0.80169880390167, -0.29357492923737, 0.23530438542366, 0.15449039638042, -3.03434348106384, 0.69962334632874, 0.85023713111877, 0.26975524425507, 0.39011186361313, 2.65784525871277, 1.71597754955292, -0.48094353079796, 0.76191890239716, -0.37621742486954, -0.55564016103745, 0.7769181728363, -0.29030439257622, -0.56152522563934, 0.77337068319321, -0.2617946267128, -0.54266077280045, 0.76070284843445, -0.23754309117794, -0.51208901405334, 0.75311732292175, -0.22739586234093, 0.66345769166946, 0.73580664396286, 0.19909128546715, 0.64378452301025, 0.68007719516754, 0.29754337668419, 0.63243013620377, 0.68094402551651, 0.32456836104393, 0.61774116754532, 0.70599269866943, 0.34073233604431, 0.61338251829147, 0.73872590065002, 0.34289437532425
0.36761280894279, 0.36415097117424, 0.07962047308683, -0.28609982132912, -0.27006325125694, 0.51387757062912, 0.02245271205902, -0.00113105773926, 0.00909620523453, 0.5544359087944, 1.4887729883194, 0.16028380393982, -1.01474690437317, -1.82143139839172, 0.02335423231125, -0.37614145874977, 0.80169880390167, -0.29357492923737, 0.23530438542366, 0.15449039638042, -3.03434348106384, 0.70535832643509, 0.85523229837418, 0.26998722553253, 0.38814815878868, 2.65254807472229, 1.69940733909607, -0.48094353079796, 0.76191890239716, -0.37621742486954, -0.55564016103745, 0.7769181728363, -0.29030439257622, -0.56152522563934, 0.77337068319321, -0.2617946267128, -0.54266077280045, 0.76070284843445, -0.23754309117794, -0.51208901405334, 0.75311732292175, -0.22739586234093, 0.67078548669815, 0.73990797996521, 0.19998215138912, 0.65201455354691, 0.68443596363068, 0.29875519871712, 0.64067447185516, 0.68528532981873, 0.32578673958778, 0.62563985586166, 0.71020638942719, 0.34182971715927, 0.62080997228622, 0.74288439750671, 0.34381866455078
0.74516767263412, 0.68663829565048, 0.13134598731995, -0.64705967903137, -0.84227967262268, 1.59544658660889, 0.02973920106888, 0.0046478509903, 0.01065698266029, 0.55537706613541, 1.4895566701889, 0.15893411636353, -1.01223695278168, -1.82207405567169, 0.02731998078525, -0.37614145874977, 0.80169880390167, -0.29357492923737, 0.23530438542366, 0.15449039638042, -3.03434348106384, 0.71485078334808, 0.86134016513824, 0.27071928977966, 0.38419589400291, 2.64970088005066, 1.68972837924957, -0.48094353079796, 0.76191890239716, -0.37621742486954, -0.55564016103745, 0.7769181728363, -0.29030439257622, -0.56152522563934, 0.77337068319321, -0.2617946267128, -0.54266077280045, 0.76070284843445, -0.23754309117794, -0.51208901405334, 0.75311732292175, -0.22739586234093, 0.6813508272171, 0.74563175439835, 0.20082654058933, 0.66320127248764, 0.69005215167999, 0.29965525865555, 0.65187495946884, 0.69081073999405, 0.32669526338577, 0.63661032915115, 0.7155956029892, 0.34273201227188, 0.631462931633, 0.74822628498077, 0.3447008728981
0.50927639007568, 0.47354933619499, 0.10321497172117, -1.06320428848267, -0.81460237503052, 2.41266107559204, 0.03561681509018, 0.00871425867081, 0.01227760314941, 0.55631810426712, 1.49026584625244, 0.15768730640411, -1.00923001766205, -1.8217693567276, 0.0313267596066, -0.37614145874977, 0.80169880390167, -0.29357492923737, 0.23530438542366, 0.15449039638042, -3.03434348106384, 0.72153574228287, 0.86579102277756, 0.27130484580994, 0.38130274415016, 2.64722490310669, 1.68191373348236, -0.48094353079796, 0.76191890239716, -0.37621742486954, -0.55564016103745, 0.7769181728363, -0.29030439257622, -0.56152522563934, 0.77337068319321, -0.2617946267128, -0.54266077280045, 0.76070284843445, -0.23754309117794, -0.51208901405334, 0.75311732292175, -0.22739586234093, 0.68890345096588, 0.74976450204849, 0.20152905583382, 0.67122888565063, 0.69413328170776, 0.30041483044624, 0.65990889072418, 0.69482791423798, 0.32745918631554, 0.64445948600769, 0.71950787305832, 0.34348091483116, 0.63906013965607, 0.75209939479828, 0.34542328119278
0, 0, 0, -0.03193254768848, -0.02445759065449, 0.07243704795837, 0.04492425918579, 0.01577055454254, 0.01349444687366, 0.55689269304276, 1.49066150188446, 0.15704190731049, -1.00773215293884, -1.82178056240082, 0.03288519009948, -0.37614145874977, 0.80169880390167, -0.29357492923737, 0.23530438542366, 0.15449039638042, -3.03434348106384, 0.72658520936966, 0.86904710531235, 0.27163183689117, 0.37559190392494, 2.64686965942383, 1.67790722846985, -0.48094353079796, 0.76191890239716, -0.37621742486954, -0.55564016103745, 0.7769181728363, -0.29030439257622, -0.56152522563934, 0.77337068319321, -0.2617946267128, -0.54266077280045, 0.76070284843445, -0.23754309117794, -0.51208901405334, 0.75311732292175, -0.22739586234093, 0.69456881284714, 0.75305503606796, 0.20151428878307, 0.67733979225159, 0.69699728488922, 0.30023765563965, 0.66604655981064, 0.6975359916687, 0.3272967338562, 0.65046793222427, 0.72207069396973, 0.34341612458229, 0.6448757648468, 0.75462281703949, 0.34547084569931
0.91732972860336, 0.82908862829208, 0.10098516196012, -0.46140819787979, -0.6916236281395, 2.39209699630737, 0.04492425918579, 0.01577055454254, 0.01349444687366, 0.55736285448074, 1.49102485179901, 0.1564040184021, -1.00581753253937, -1.82059502601624, 0.03411153331399, -0.37614145874977, 0.80169880390167, -0.29357492923737, 0.23530438542366, 0.15449039638042, -3.03434348106384, 0.73087596893311, 0.87194007635117, 0.27188718318939, 0.36870443820953, 2.64628434181213, 1.67270374298096, -0.48094353079796, 0.76191890239716, -0.37621742486954, -0.55564016103745, 0.7769181728363, -0.29030439257622, -0.56152522563934, 0.77337068319321, -0.2617946267128, -0.54266077280045, 0.76070284843445, -0.23754309117794, -0.51208901405334, 0.75311732292175, -0.22739586234093, 0.69964182376862, 0.75597393512726, 0.20137511193752, 0.68296611309052, 0.69941771030426, 0.29990902543068, 0.67170488834381, 0.6997697353363, 0.32698452472687, 0.65596318244934, 0.724125623703, 0.34321624040604, 0.65012860298157, 0.75662666559219, 0.34540069103241
0.56379318237305, 0.51708698272705, 0.05465805158019, -0.51042973995209, -0.04442187026143, 1.85803699493408, 0.05088698863983, 0.02021825313568, 0.01430062949657, 0.55833131074905, 1.49180626869202, 0.15500569343567, -1.00249373912811, -1.81844341754913, 0.03548995032907, -0.37614145874977, 0.80169880390167, -0.29357492923737, 0.23530438542366, 0.15449039638042, -3.03434348106384, 0.73795461654663, 0.87696379423141, 0.27229607105255, 0.35440868139267, 2.64463257789612, 1.66080784797668, -0.48094353079796, 0.76191890239716, -0.37621742486954, -0.55564016103745, 0.7769181728363, -0.29030439257622, -0.56152522563934, 0.77337068319321, -0.2617946267128, -0.54266077280045, 0.76070284843445, -0.23754309117794, -0.51208901405334, 0.75311732292175, -0.22739586234093, 0.70846313238144, 0.76100969314575, 0.20101794600487, 0.69298529624939, 0.70347118377686, 0.29917791485786, 0.6817906498909, 0.70343989133835, 0.32628330588341, 0.66568976640701, 0.72741270065308, 0.34273153543472, 0.65932285785675, 0.75979578495026, 0.34516757726669
0.9692787528038, 0.74081176519394, 0.00005722045535, -0.34714108705521, 0.38188663125038, 2.03853917121887, 0.06036150455475, 0.02656143903732, 0.01450714468956, 0.55925464630127, 1.49261498451233, 0.15362703800201, -0.99974745512009, -1.81465876102448, 0.03533440083265, -0.37614145874977, 0.80169880390167, -0.29357492923737, 0.23530438542366, 0.15449039638042, -3.03434348106384, 0.74608653783798, 0.88005048036575, 0.27161300182343, 0.34598332643509, 2.64856266975403, 1.65959680080414, -0.48094353079796, 0.76191890239716, -0.37621742486954, -0.55564016103745, 0.7769181728363, -0.29030439257622, -0.56152522563934, 0.77337068319321, -0.2617946267128, -0.54266077280045, 0.76070284843445, -0.23754309117794, -0.51208901405334, 0.75311732292175, -0.22739586234093, 0.71686315536499, 0.76444172859192, 0.19966660439968, 0.70210087299347, 0.7061539888382, 0.29749420285225, 0.69102489948273, 0.70588052272797, 0.32464691996574, 0.6748765707016, 0.72965878248215, 0.34132933616638, 0.6683589220047, 0.76199197769165, 0.34401580691338
0.56742668151855, 0.44038292765617, -0.00487804366276, -0.3739837706089, 0.49105137586594, 1.54916393756866, 0.0661553144455, 0.03037989139557, 0.01467660069466, 0.56024289131165, 1.4933944940567, 0.15231287479401, -0.99624085426331, -1.81105899810791, 0.03516691923141, -0.37614145874977, 0.80169880390167, -0.29357492923737, 0.23530438542366, 0.15449039638042, -3.03434348106384, 0.75281250476837, 0.88323318958282, 0.27141618728638, 0.33958297967911, 2.65099954605103, 1.65770757198334, -0.48094353079796, 0.76191890239716, -0.37621742486954, -0.55564016103745, 0.7769181728363, -0.29030439257622, -0.56152522563934, 0.77337068319321, -0.2617946267128, -0.54266077280045, 0.76070284843445, -0.23754309117794, -0.51208901405334, 0.75311732292175, -0.22739586234093, 0.72389763593674, 0.76783752441406, 0.19900450110435, 0.70970433950424, 0.70901423692703, 0.29659542441368, 0.69871354103088, 0.70855963230133, 0.32378026843071, 0.68250787258148, 0.73218309879303, 0.34062618017197, 0.67585039138794, 0.76447278261185, 0.34348803758621
0.95729106664658, 0.77796214818954, -0.05302011594176, -0.45865866541862, 0.9543668627739, 1.86161017417908, 0.07542580366135, 0.03706127405167, 0.01445166766644, 0.56136161088943, 1.4941508769989, 0.15110647678375, -0.99183905124664, -1.80738461017609, 0.0356228351593, -0.37614145874977, 0.80169880390167, -0.29357492923737, 0.23530438542366, 0.15449039638042, -3.03434348106384, 0.75893241167068, 0.88947314023972, 0.27059710025787, 0.33363309502602, 2.65925788879395, 1.65698301792145, -0.48094353079796, 0.76191890239716, -0.37621742486954, -0.55564016103745, 0.7769181728363, -0.29030439257622, -0.56152522563934, 0.77337068319321, -0.2617946267128, -0.54266077280045, 0.76070284843445, -0.23754309117794, -0.51208901405334, 0.75311732292175, -0.22739586234093, 0.72979116439819, 0.77433770895004, 0.19786268472672, 0.71662652492523, 0.71498638391495, 0.29527792334557, 0.70586889982224, 0.71436047554016, 0.32255253195763, 0.68972772359848, 0.73784536123276, 0.33965221047401, 0.68298614025116, 0.77009761333466, 0.34273043274879
0.53617000579834, 0.44211384654045, -0.03312170505524, -0.3804132938385, 0.72131961584091, 1.39189028739929, 0.08085799217224, 0.04090845584869, 0.01435475051403, 0.56262463331223, 1.49488806724548, 0.1498726606369, -0.98658585548401, -1.80483961105347, 0.03747244551778, -0.37614145874977, 0.80169880390167, -0.29357492923737, 0.23530438542366, 0.15449039638042, -3.03434348106384, 0.76502847671509, 0.8945364356041, 0.26990306377411, 0.32536628842354, 2.66859579086304, 1.65386402606964, -0.48094353079796, 0.76191890239716, -0.37621742486954, -0.55564016103745, 0.7769181728363, -0.29030439257622, -0.56152522563934, 0.77337068319321, -0.2617946267128, -0.54266077280045, 0.76070284843445, -0.23754309117794, -0.51208901405334, 0.75311732292175, -0.22739586234093, 0.73587113618851, 0.77965027093887, 0.19678190350533, 0.72409653663635, 0.71963655948639, 0.2939690053463, 0.71362644433975, 0.71877890825272, 0.32134899497032, 0.69751363992691, 0.74205702543259, 0.33875548839569, 0.69059842824936, 0.77424621582031, 0.3420971930027
0.96228355169296, 0.58597320318222, -0.0393032990396, -0.56610417366028, 1.11882352828979, 1.65112197399139, 0.09003007411957, 0.0460045337677, 0.01427821815014, 0.56388825178146, 1.49554717540741, 0.14869129657745, -0.98103845119476, -1.80186820030212, 0.03990588337183, -0.37614145874977, 0.80169880390167, -0.29357492923737, 0.23530438542366, 0.15449039638042, -3.03434348106384, 0.77158522605896, 0.89501559734344, 0.26988756656647, 0.32921433448792, 2.6760311126709, 1.66037917137146, -0.48094353079796, 0.76191890239716, -0.37621742486954, -0.55564016103745, 0.7769181728363, -0.29030439257622, -0.56152522563934, 0.77337068319321, -0.2617946267128, -0.54266077280045, 0.76070284843445, -0.23754309117794, -0.51208901405334, 0.75311732292175, -0.22739586234093, 0.74120652675629, 0.78029817342758, 0.19699910283089, 0.72951710224152, 0.72043186426163, 0.29428732395172, 0.71918749809265, 0.71966713666916, 0.32172337174416, 0.70333689451218, 0.74307215213776, 0.339200258255, 0.69667291641235, 0.77531272172928, 0.34255754947662
0.52562713623047, 0.32597777247429, -0.02374827675521, -0.40417841076851, 0.73735994100571, 1.19802820682526, 0.09524583816528, 0.04888641834259, 0.01426042616367, 0.56515884399414, 1.49609744548798, 0.14753353595734, -0.97590488195419, -1.79798185825348, 0.04194126278162, -0.37614145874977, 0.80169880390167, -0.29357492923737, 0.23530438542366, 0.15449039638042, -3.03434348106384, 0.77776849269867, 0.89693510532379, 0.26993477344513, 0.3301844894886, 2.68052315711975, 1.66249859333038, -0.48094353079796, 0.76191890239716, -0.37621742486954, -0.55564016103745, 0.7769181728363, -0.29030439257622, -0.56152522563934, 0.77337068319321, -0.2617946267128, -0.54266077280045, 0.76070284843445, -0.23754309117794, -0.51208901405334, 0.75311732292175, -0.22739586234093, 0.74685716629028, 0.78228801488876, 0.19715970754623, 0.73540472984314, 0.72244471311569, 0.29449027776718, 0.72517794370651, 0.72170209884644, 0.32196539640427, 0.70944619178772, 0.74514186382294, 0.33950304985046, 0.70286685228348, 0.77739703655243, 0.34288644790649
0.93805783987045, 0.5116081237793, -0.11578380316496, -0.34987485408783, 0.8965106010437, 1.4756543636322, 0.10408908128738, 0.05335944890976, 0.01341137290001, 0.56648981571198, 1.49654901027679, 0.14636123180389, -0.97134566307068, -1.7939236164093, 0.04295939207077, -0.37614145874977, 0.80169880390167, -0.29357492923737, 0.23530438542366, 0.15449039638042, -3.03434348106384, 0.78324151039124, 0.89810609817505, 0.26737320423126, 0.33117392659187, 2.68173098564148, 1.66682589054108, -0.48094353079796, 0.76191890239716, -0.37621742486954, -0.55564016103745, 0.7769181728363, -0.29030439257622, -0.56152522563934, 0.77337068319321, -0.2617946267128, -0.54266077280045, 0.76070284843445, -0.23754309117794, -0.51208901405334, 0.75311732292175, -0.22739586234093, 0.75187414884567, 0.78365474939346, 0.19448518753052, 0.7401567697525, 0.72376835346222, 0.29175767302513, 0.72992151975632, 0.72304213047028, 0.3192301094532, 0.71428263187408, 0.74652987718582, 0.33678650856018, 0.70783513784409, 0.77880865335464, 0.34019872546196
0.50686597824097, 0.28252601623535, -0.06561040878296, -0.25426626205444, 0.62722969055176, 1.07176530361176, 0.10905528068542, 0.0558739900589, 0.01294699311256, 0.56785494089127, 1.49695253372192, 0.14532959461212, -0.96722793579102, -1.78897309303284, 0.04340122267604, -0.37614145874977, 0.80169880390167, -0.29357492923737, 0.23530438542366, 0.15449039638042, -3.03434348106384, 0.7889261841774, 0.90012973546982, 0.26588070392609, 0.33111035823822, 2.68303513526917, 1.66879057884216, -0.48094353079796, 0.76191890239716, -0.37621742486954, -0.55564016103745, 0.7769181728363, -0.29030439257622, -0.56152522563934, 0.77337068319321, -0.2617946267128, -0.54266077280045, 0.76070284843445, -0.23754309117794, -0.51208901405334, 0.75311732292175, -0.22739586234093, 0.7573230266571, 0.78579413890839, 0.19291292130947, 0.74557220935822, 0.72584128379822, 0.29014045000076, 0.73535406589508, 0.72510766983032, 0.31761905550957, 0.71976536512375, 0.74860548973083, 0.33520650863647, 0.71337294578552, 0.7808917760849, 0.33865141868591
1.0053563117981, 0.45739170908928, -0.08256911486387, 0.07454251497984, 0.24412524700165, 1.35783290863037, 0.118348300457, 0.05988162755966, 0.01217311620712, 0.56934279203415, 1.4972585439682, 0.14425194263458, -0.96330690383911, -1.78433299064636, 0.04342199862003, -0.37614145874977, 0.80169880390167, -0.29357492923737, 0.23530438542366, 0.15449039638042, -3.03434348106384, 0.79647219181061, 0.90136933326721, 0.2642410993576, 0.32728987932205, 2.67573738098145, 1.67461919784546, -0.48094353079796, 0.76191890239716, -0.37621742486954, -0.55564016103745, 0.7769181728363, -0.29030439257622, -0.56152522563934, 0.77337068319321, -0.2617946267128, -0.54266077280045, 0.76070284843445, -0.23754309117794, -0.51208901405334, 0.75311732292175, -0.22739586234093, 0.76517462730408, 0.78756725788116, 0.19031390547752, 0.75233852863312, 0.7270839214325, 0.28707450628281, 0.74186593294144, 0.72622245550156, 0.31445342302322, 0.72619163990021, 0.7496674656868, 0.33203536272049, 0.7198714017868, 0.78195363283157, 0.33561173081398
0.539710521698, 0.25150537490845, -0.04823684319854, -0.06927026063204, 0.31931453943253, 0.99593591690063, 0.1235237121582, 0.06213343143463, 0.01176829636097, 0.57081663608551, 1.49745106697083, 0.14336717128754, -0.96024894714355, -1.77851688861847, 0.04316718876362, -0.37614145874977, 0.80169880390167, -0.29357492923737, 0.23530438542366, 0.15449039638042, -3.03434348106384, 0.80338883399963, 0.90325486660004, 0.26321852207184, 0.32363530993462, 2.67022204399109, 1.67892205715179, -0.48094353079796, 0.76191890239716, -0.37621742486954, -0.55564016103745, 0.7769181728363, -0.29030439257622, -0.56152522563934, 0.77337068319321, -0.2617946267128, -0.54266077280045, 0.76070284843445, -0.23754309117794, -0.51208901405334, 0.75311732292175, -0.22739586234093, 0.77237778902054, 0.78989392518997, 0.18849714100361, 0.75875556468964, 0.72894418239594, 0.28485679626465, 0.74809277057648, 0.72796422243118, 0.31215822696686, 0.73234379291534, 0.75135070085526, 0.32975137233734, 0.72606265544891, 0.78363084793091, 0.33344900608063
1.03643417358398, 0.32677885890007, -0.13809084892273, -0.16196601092815, 0.74882835149765, 1.29042088985443, 0.1330469250679, 0.0650691986084, 0.01060542464256, 0.57234668731689, 1.49753677845001, 0.14263665676117, -0.95787501335144, -1.77255880832672, 0.04238719493151, -0.37614145874977, 0.80169880390167, -0.29357492923737, 0.23530438542366, 0.15449039638042, -3.03434348106384, 0.8112867474556, 0.90281271934509, 0.26197910308838, 0.32170179486275, 2.67443251609802, 1.69502460956573, -0.48094353079796, 0.76191890239716, -0.37621742486954, -0.55564016103745, 0.7769181728363, -0.29030439257622, -0.56152522563934, 0.77337068319321, -0.2617946267128, -0.54266077280045, 0.76070284843445, -0.23754309117794, -0.51208901405334, 0.75311732292175, -0.22739586234093, 0.77890479564667, 0.79050505161285, 0.18625546991825, 0.76441550254822, 0.72890514135361, 0.28207367658615, 0.75371515750885, 0.72782576084137, 0.30935662984848, 0.73824870586395, 0.75125855207443, 0.32713782787323, 0.73237586021423, 0.7835830450058, 0.33110883831978
0.55354356765747, 0.18068788945675, -0.0776392146945, -0.11873453110456, 0.55012875795364, 0.92596673965454, 0.13829606771469, 0.0667337179184, 0.00994566082954, 0.57394766807556, 1.49762201309204, 0.14187633991241, -0.95581692457199, -1.76616334915161, 0.03996859118342, -0.37614145874977, 0.80169880390167, -0.29357492923737, 0.23530438542366, 0.15449039638042, -3.03434348106384, 0.8184352517128, 0.90357065200806, 0.26098525524139, 0.31950512528419, 2.67714834213257, 1.70571720600128, -0.48094353079796, 0.76191890239716, -0.37621742486954, -0.55564016103745, 0.7769181728363, -0.29030439257622, -0.56152522563934, 0.77337068319321, -0.2617946267128, -0.54266077280045, 0.76070284843445, -0.23754309117794, -0.51208901405334, 0.75311732292175, -0.22739586234093, 0.78519868850708, 0.79202425479889, 0.18451035022736, 0.77014708518982, 0.72992026805878, 0.27991563081741, 0.75941979885101, 0.72874963283539, 0.30718421936035, 0.74413108825684, 0.75219023227692, 0.32510820031166, 0.73851680755615, 0.78453457355499, 0.32928627729416
1.07928514480591, 0.20786760747433, -0.07717966288328, -0.20215050876141, 0.72022527456284, 1.21644568443298, 0.14812475442886, 0.06868410110474, 0.00931206345558, 0.57554620504379, 1.49758839607239, 0.14111316204071, -0.95389032363892, -1.76037907600403, 0.03829330578446, -0.37614145874977, 0.80169880390167, -0.29357492923737, 0.23530438542366, 0.15449039638042, -3.03434348106384, 0.82660323381424, 0.90175545215607, 0.26193642616272, 0.31843543052673, 2.68003678321838, 1.71534848213196, -0.48094353079796, 0.76191890239716, -0.37621742486954, -0.55564016103745, 0.7769181728363, -0.29030439257622, -0.56152522563934, 0.77337068319321, -0.2617946267128, -0.54266077280045, 0.76070284843445, -0.23754309117794, -0.51208901405334, 0.75311732292175, -0.22739586234093, 0.7925198674202, 0.79085540771484, 0.18489629030228, 0.7769758105278, 0.7283890247345, 0.27998554706573, 0.76623564958572, 0.72716361284256, 0.30724668502808, 0.75112527608871, 0.75063073635101, 0.32528692483902, 0.74575972557068, 0.78299587965012, 0.32962739467621
0.58211797475815, 0.11773823946714, -0.04472136124969, -0.17287600040436, 0.52397388219833, 0.89118671417236, 0.15358424186707, 0.0698310136795, 0.00895999372005, 0.5771501660347, 1.49758303165436, 0.14050734043121, -0.9524467587471, -1.75489974021912, 0.03717155009508, -0.37614145874977, 0.80169880390167, -0.29357492923737, 0.23530438542366, 0.15449039638042, -3.03434348106384, 0.83404284715652, 0.90159428119659, 0.26215732097626, 0.31693324446678, 2.68191432952881, 1.72199726104736, -0.48094353079796, 0.76191890239716, -0.37621742486954, -0.55564016103745, 0.7769181728363, -0.29030439257622, -0.56152522563934, 0.77337068319321, -0.2617946267128, -0.54266077280045, 0.76070284843445, -0.23754309117794, -0.51208901405334, 0.75311732292175, -0.22739586234093, 0.79942268133163, 0.79118657112122, 0.18465080857277, 0.78354722261429, 0.72840428352356, 0.27947679162025, 0.77279537916183, 0.72711926698685, 0.30673059821129, 0.75779849290848, 0.7505863904953, 0.32486528158188, 0.75259363651276, 0.78295958042145, 0.32933914661407
1.06229782104492, 0.1911306232214, -0.17441688477993, -0.26397770643234, 0.81341576576233, 1.17039668560028, 0.16323965787888, 0.0716500878334, 0.00753036141396, 0.57890033721924, 1.49754536151886, 0.13991749286652, -0.95104104280472, -1.75055754184723, 0.03544484451413, -0.37614145874977, 0.80169880390167, -0.29357492923737, 0.23530438542366, 0.15449039638042, -3.03434348106384, 0.8407239317894, 0.90187335014343, 0.25934588909149, 0.32000890374184, 2.68355917930603, 1.7213191986084, -0.48094353079796, 0.76191890239716, -0.37621742486954, -0.55564016103745, 0.7769181728363, -0.29030439257622, -0.56152522563934, 0.77337068319321, -0.2617946267128, -0.54266077280045, 0.76070284843445, -0.23754309117794, -0.51208901405334, 0.75311732292175, -0.22739586234093, 0.8058734536171, 0.79125767946243, 0.18224014341831, 0.79012513160706, 0.72877663373947, 0.27728608250618, 0.77942299842834, 0.72758305072784, 0.30456358194351, 0.76447814702988, 0.75111699104309, 0.32265454530716, 0.75930690765381, 0.78350776433945, 0.327039539814
0.57290548086166, 0.10916232317686, -0.09759127348661, -0.1636089682579, 0.57114815711975, 0.85552263259888, 0.16860103607178, 0.07272970676422, 0.00671592354774, 0.58063822984695, 1.49738526344299, 0.13943040370941, -0.94956111907959, -1.74569761753082, 0.03457530215383, -0.37614145874977, 0.80169880390167, -0.29357492923737, 0.23530438542366, 0.15449039638042, -3.03434348106384, 0.84742313623428, 0.90259426832199, 0.2575443983078, 0.32106313109398, 2.68485879898071, 1.72242558002472, -0.48094353079796, 0.76191890239716, -0.37621742486954, -0.55564016103745, 0.7769181728363, -0.29030439257622, -0.56152522563934, 0.77337068319321, -0.2617946267128, -0.54266077280045, 0.76070284843445, -0.23754309117794, -0.51208901405334, 0.75311732292175, -0.22739586234093, 0.81234365701675, 0.79199063777924, 0.18052524328232, 0.79659783840179, 0.72957766056061, 0.2756162583828, 0.78591996431351, 0.72841221094131, 0.30290448665619, 0.77102553844452, 0.7519758939743, 0.32099828124046, 0.76590406894684, 0.78437602519989, 0.32537251710892
0.97391360998154, 0.26802062988281, -0.1359611749649, -0.19816555082798, 0.56524288654327, 1.1593542098999, 0.17749840021133, 0.07519799470901, 0.00560209155083, 0.58251714706421, 1.49717688560486, 0.13894975185394, -0.94870662689209, -1.73997581005096, 0.03229039162397, -0.37614145874977, 0.80169880390167, -0.29357492923737, 0.23530438542366, 0.15449039638042, -3.03434348106384, 0.85110455751419, 0.90441864728928, 0.25718915462494, 0.32493004202843, 2.67901349067688, 1.70172643661499, -0.48094353079796, 0.76191890239716, -0.37621742486954, -0.55564016103745, 0.7769181728363, -0.29030439257622, -0.56152522563934, 0.77337068319321, -0.2617946267128, -0.54266077280045, 0.76070284843445, -0.23754309117794, -0.51208901405334, 0.75311732292175, -0.22739586234093, 0.81773746013641, 0.79234248399734, 0.18155024945736, 0.80304443836212, 0.73085010051727, 0.27740651369095, 0.79240357875824, 0.72984778881073, 0.30471566319466, 0.77714818716049, 0.75339072942734, 0.32253366708755, 0.77151560783386, 0.78575640916824, 0.32651755213737
0, 0, 0, -0.01256859954447, 0.03583997860551, 0.07363771647215, 0.18242704868317, 0.07662326097488, 0.00499004125595, 0.58344727754593, 1.49701976776123, 0.1387106180191, -0.9481498003006, -1.73705720901489, 0.03125381097198, -0.37614145874977, 0.80169880390167, -0.29357492923737, 0.23530438542366, 0.15449039638042, -3.03434348106384, 0.85339099168777, 0.90530622005463, 0.25693738460541, 0.32632163167, 2.67677402496338, 1.69372713565826, -0.48094353079796, 0.76191890239716, -0.37621742486954, -0.55564016103745, 0.7769181728363, -0.29030439257622, -0.56152522563934, 0.77337068319321, -0.2617946267128, -0.54266077280045, 0.76070284843445, -0.23754309117794, -0.51208901405334, 0.75311732292175, -0.22739586234093, 0.82069140672684, 0.79267740249634, 0.18182973563671, 0.80640661716461, 0.73154073953629, 0.27797478437424, 0.79578042030334, 0.73059952259064, 0.30529183149338, 0.78038585186005, 0.75413048267365, 0.32300561666489, 0.77455532550812, 0.78647893667221, 0.32684141397476
0.52200794219971, 0.1494669765234, -0.07587789744139, -0.15217624604702, 0.39740696549416, 0.788838326931, 0.18242704868317, 0.07662326097488, 0.00499004125595, 0.58444857597351, 1.49689197540283, 0.13845503330231, -0.94769585132599, -1.73420572280884, 0.02968120574951, -0.37614145874977, 0.80169880390167, -0.29357492923737, 0.23530438542366, 0.15449039638042, -3.03434348106384, 0.85589057207108, 0.90615195035934, 0.25664865970612, 0.32738733291626, 2.67497706413269, 1.68722879886627, -0.48094353079796, 0.76191890239716, -0.37621742486954, -0.55564016103745, 0.7769181728363, -0.29030439257622, -0.56152522563934, 0.77337068319321, -0.2617946267128, -0.54266077280045, 0.76070284843445, -0.23754309117794, -0.51208901405334, 0.75311732292175, -0.22739586234093, 0.82373589277267, 0.79308199882507, 0.18196973204613, 0.80978512763977, 0.73223221302032, 0.27834549546242, 0.79917144775391, 0.7313392162323, 0.30566900968552, 0.78366386890411, 0.75485819578171, 0.32329988479614, 0.77767211198807, 0.78719103336334, 0.32701721787453
0.93087667226791, 0.14802931249142, -0.11971770972013, -0.18957681953907, 0.46509432792664, 0.95298343896866, 0.19082671403885, 0.07806217670441, 0.00401994585991, 0.5864429473877, 1.4965877532959, 0.13798534870148, -0.94682663679123, -1.72824645042419, 0.02705149538815, -0.37614145874977, 0.80169880390167, -0.29357492923737, 0.23530438542366, 0.15449039638042, -3.03434348106384, 0.86013072729111, 0.90589249134064, 0.25572264194489, 0.33655813336372, 2.6659951210022, 1.6997138261795, -0.48094353079796, 0.76191890239716, -0.37621742486954, -0.55564016103745, 0.7769181728363, -0.29030439257622, -0.56152522563934, 0.77337068319321, -0.2617946267128, -0.54266077280045, 0.76070284843445, -0.23754309117794, -0.51208901405334, 0.75311732292175, -0.22739586234093, 0.82729339599609, 0.79308927059174, 0.18093745410442, 0.81119531393051, 0.73273122310638, 0.27728772163391, 0.80021452903748, 0.73207342624664, 0.3044725060463, 0.78482592105865, 0.75586849451065, 0.32183519005775, 0.77926206588745, 0.7882964015007, 0.32538598775864
0.49798247218132, 0.08302687853575, -0.06626307964325, -0.12057806551456, 0.33320319652557, 0.65095072984695, 0.19541728496552, 0.07889771461487, 0.00347585976124, 0.58855086565018, 1.49621200561523, 0.13749659061432, -0.94549655914307, -1.7220573425293, 0.02364736422896, -0.37614145874977, 0.80169880390167, -0.29357492923737, 0.23530438542366, 0.15449039638042, -3.03434348106384, 0.86531466245651, 0.90637737512589, 0.25466191768646, 0.34091192483902, 2.66164183616638, 1.70481991767883, -0.48094353079796, 0.76191890239716, -0.37621742486954, -0.55564016103745, 0.7769181728363, -0.29030439257622, -0.56152522563934, 0.77337068319321, -0.2617946267128, -0.54266077280045, 0.76070284843445, -0.23754309117794, -0.51208901405334, 0.75311732292175, -0.22739586234093, 0.83222186565399, 0.79365754127502, 0.17986355721951, 0.81516265869141, 0.73356276750565, 0.27621302008629, 0.80401390790939, 0.73301929235458, 0.30333188176155, 0.78867042064667, 0.75693941116333, 0.32056218385696, 0.78328907489777, 0.78940749168396, 0.3240262567997
0.88106626272202, 0.02077102474868, -0.08310376852751, -0.56137228012085, 0.86239302158356, 0.76750022172928, 0.20328897237778, 0.0792578458786, 0.00296239554882, 0.59074062108994, 1.49577045440674, 0.13709032535553, -0.94399785995483, -1.71543776988983, 0.02005340717733, -0.37614145874977, 0.80169880390167, -0.29357492923737, 0.23530438542366, 0.15449039638042, -3.03434348106384, 0.87010097503662, 0.90490311384201, 0.25517213344574, 0.3548738360405, 2.66841721534729, 1.72318077087402, -0.48094353079796, 0.76191890239716, -0.37621742486954, -0.55564016103745, 0.7769181728363, -0.29030439257622, -0.56152522563934, 0.77337068319321, -0.2617946267128, -0.54266077280045, 0.76070284843445, -0.23754309117794, -0.51208901405334, 0.75311732292175, -0.22739586234093, 0.83452332019806, 0.79259538650513, 0.1808964163065, 0.81621611118317, 0.73331809043884, 0.27752286195755, 0.80507349967957, 0.73313868045807, 0.30464908480644, 0.79026335477829, 0.75746369361877, 0.32177889347076, 0.78559106588364, 0.79005628824234, 0.32509958744049
0.47558066248894, 0.01442670729011, -0.04634677991271, -0.28288608789444, 0.50942772626877, 0.51450568437576, 0.20760703086853, 0.07950270175934, 0.00264771282673, 0.59308785200119, 1.49519121646881, 0.13689339160919, -0.94300550222397, -1.7094806432724, 0.01716797798872, -0.37614145874977, 0.80169880390167, -0.29357492923737, 0.23530438542366, 0.15449039638042, -3.03434348106384, 0.87537205219269, 0.9045495390892, 0.25521385669708, 0.362110465765, 2.67075133323669, 1.73217809200287, -0.48094353079796, 0.76191890239716, -0.37621742486954, -0.55564016103745, 0.7769181728363, -0.29030439257622, -0.56152522563934, 0.77337068319321, -0.2617946267128, -0.54266077280045, 0.76070284843445, -0.23754309117794, -0.51208901405334, 0.75311732292175, -0.22739586234093, 0.8386442065239, 0.79243814945221, 0.18120175600052, 0.819620013237, 0.7336151599884, 0.27796724438667, 0.80845415592194, 0.733627140522, 0.30508449673653, 0.79389357566833, 0.75815534591675, 0.3221383690834, 0.789570748806, 0.79080504179001, 0.32537007331848
0.86142534017563, -0.12026309221983, -0.01890063099563, -0.46115362644196, 0.7124410867691, 0.5687358379364, 0.21518391370773, 0.07864671945572, 0.00263024866581, 0.59544885158539, 1.49461221694946, 0.13681137561798, -0.94232022762299, -1.70310139656067, 0.0138861304149, -0.37614145874977, 0.80169880390167, -0.29357492923737, 0.23530438542366, 0.15449039638042, -3.03434348106384, 0.88040101528168, 0.90119987726212, 0.25632512569427, 0.36724734306335, 2.67145752906799, 1.75368988513947, -0.48094353079796, 0.76191890239716, -0.37621742486954, -0.55564016103745, 0.7769181728363, -0.29030439257622, -0.56152522563934, 0.77337068319321, -0.2617946267128, -0.54266077280045, 0.76070284843445, -0.23754309117794, -0.51208901405334, 0.75311732292175, -0.22739586234093, 0.84193307161331, 0.79018676280975, 0.18154549598694, 0.82104510068893, 0.73133015632629, 0.27790528535843, 0.80969190597534, 0.73144727945328, 0.3049444258213, 0.79551118612289, 0.7561891078949, 0.32200983166695, 0.79182702302933, 0.78890490531921, 0.32536172866821
0.46942231059074, -0.06359338760376, -0.01146733667701, -0.21476870775223, 0.41814538836479, 0.3594790995121, 0.21934586763382, 0.07820689678192, 0.00257912278175, 0.59783011674881, 1.49399590492249, 0.13650214672089, -0.94176912307739, -1.69724690914154, 0.01056643482298, -0.37614145874977, 0.80169880390167, -0.29357492923737, 0.23530438542366, 0.15449039638042, -3.03434348106384, 0.88581466674805, 0.89949834346771, 0.25676870346069, 0.3715001642704, 2.67173194885254, 1.76534140110016, -0.48094353079796, 0.76191890239716, -0.37621742486954, -0.55564016103745, 0.7769181728363, -0.29030439257622, -0.56152522563934, 0.77337068319321, -0.2617946267128, -0.54266077280045, 0.76070284843445, -0.23754309117794, -0.51208901405334, 0.75311732292175, -0.22739586234093, 0.8463551402092, 0.78902238607407, 0.18171083927155, 0.82440584897995, 0.73030573129654, 0.27792000770569, 0.81294840574265, 0.73052483797073, 0.30491444468498, 0.79898881912231, 0.75541079044342, 0.32195255160332, 0.79567158222198, 0.78816348314285, 0.32532766461372
0.91353172063828, -0.22322414815426, 0.07979392260313, -0.05108447000384, 0.00900889653713, 0.43540123105049, 0.22724258899689, 0.07644879817963, 0.00327524542809, 0.60028940439224, 1.49335908889771, 0.13618242740631, -0.94146347045898, -1.69180250167847, 0.00680743483827, -0.37614145874977, 0.80169880390167, -0.29357492923737, 0.23530438542366, 0.15449039638042, -3.03434348106384, 0.89250892400742, 0.89462381601334, 0.25860357284546, 0.36708071827888, 2.65427851676941, 1.75855422019959, -0.48094353079796, 0.76191890239716, -0.37621742486954, -0.55564016103745, 0.7769181728363, -0.29030439257622, -0.56152522563934, 0.77337068319321, -0.2617946267128, -0.54266077280045, 0.76070284843445, -0.23754309117794, -0.51208901405334, 0.75311732292175, -0.22739586234093, 0.85502713918686, 0.78392934799194, 0.18285703659058, 0.83208775520325, 0.7249441742897, 0.27867013216019, 0.82022535800934, 0.72504687309265, 0.305489808321, 0.8058215379715, 0.7498072385788, 0.32234013080597, 0.80220329761505, 0.78253000974655, 0.32569622993469
0.49969908595085, -0.12112855166197, 0.04355191811919, -0.08480093628168, 0.02621850371361, 0.30840170383453, 0.2316027879715, 0.07551246881485, 0.00368632376194, 0.60290968418121, 1.49253416061401, 0.13580048084259, -0.94052642583847, -1.6868417263031, 0.00373949110508, -0.37614145874977, 0.80169880390167, -0.29357492923737, 0.23530438542366, 0.15449039638042, -3.03434348106384, 0.89891713857651, 0.89139896631241, 0.25947368144989, 0.36719733476639, 2.64684677124023, 1.759153008461, -0.48094353079796, 0.76191890239716, -0.37621742486954, -0.55564016103745, 0.7769181728363, -0.29030439257622, -0.56152522563934, 0.77337068319321, -0.2617946267128, -0.54266077280045, 0.76070284843445, -0.23754309117794, -0.51208901405334, 0.75311732292175, -0.22739586234093, 0.86195510625839, 0.78073710203171, 0.18342474102974, 0.83825147151947, 0.7217493057251, 0.27905002236366, 0.8261843919754, 0.72185432910919, 0.30577820539474, 0.81166571378708, 0.74661988019943, 0.32252192497253, 0.80803978443146, 0.77934408187866, 0.3258555829525
0.82280153036118, -0.11498450487852, 0.06650447845459, 0.44788244366646, -0.66377717256546, 0.37625893950462, 0.23867237567902, 0.07462120056152, 0.00410553812981, 0.60546582937241, 1.49169158935547, 0.13546800613403, -0.939721763134, -1.68066656589508, 0.00058264820836, -0.37614145874977, 0.80169880390167, -0.29357492923737, 0.23530438542366, 0.15449039638042, -3.03434348106384, 0.90143513679504, 0.89100080728531, 0.25881659984589, 0.35115641355515, 2.62720513343811, 1.74122393131256, -0.48094353079796, 0.76191890239716, -0.37621742486954, -0.55564016103745, 0.7769181728363, -0.29030439257622, -0.56152522563934, 0.77337068319321, -0.2617946267128, -0.54266077280045, 0.76070284843445, -0.23754309117794, -0.51208901405334, 0.75311732292175, -0.22739586234093, 0.86798310279846, 0.78000271320343, 0.18164104223251, 0.8443449139595, 0.71991866827011, 0.27659767866135, 0.83192485570908, 0.71959084272385, 0.30316191911697, 0.81663209199905, 0.7439227104187, 0.31985235214233, 0.8122273683548, 0.77653658390045, 0.3233260512352
0.45391556620598, -0.06197690591216, 0.03657281026244, 0.18458290398121, -0.33554789423943, 0.28271707892418, 0.24262541532516, 0.07416343688965, 0.00436875224113, 0.60796082019806, 1.49081075191498, 0.13519275188446, -0.94063651561737, -1.67447829246521, -0.00309471832588, -0.37614145874977, 0.80169880390167, -0.29357492923737, 0.23530438542366, 0.15449039638042, -3.03434348106384, 0.90495449304581, 0.89022374153137, 0.25845158100128, 0.34403738379478, 2.61566615104675, 1.73438405990601, -0.48094353079796, 0.76191890239716, -0.37621742486954, -0.55564016103745, 0.7769181728363, -0.29030439257622, -0.56152522563934, 0.77337068319321, -0.2617946267128, -0.54266077280045, 0.76070284843445, -0.23754309117794, -0.51208901405334, 0.75311732292175, -0.22739586234093, 0.87322854995728, 0.77915948629379, 0.1806448996067, 0.84926784038544, 0.71857595443726, 0.27520248293877, 0.83660763502121, 0.71805477142334, 0.30164995789528, 0.82094049453735, 0.74219578504562, 0.31827008724213, 0.81620633602142, 0.77475756406784, 0.32179886102676
0.72822326421738, -0.06426572799683, 0.08806049078703, 0.50687849521637, -0.7441269159317, 0.36059615015984, 0.24889034032822, 0.07368922233582, 0.00495153665543, 0.61041122674942, 1.48983263969421, 0.13501298427582, -0.94170492887497, -1.66857349872589, -0.00647124927491, -0.37614145874977, 0.80169880390167, -0.29357492923737, 0.23530438542366, 0.15449039638042, -3.03434348106384, 0.90699416399002, 0.89044028520584, 0.25893485546112, 0.33283337950706, 2.60652709007263, 1.72778308391571, -0.48094353079796, 0.76191890239716, -0.37621742486954, -0.55564016103745, 0.7769181728363, -0.29030439257622, -0.56152522563934, 0.77337068319321, -0.2617946267128, -0.54266077280045, 0.76070284843445, -0.23754309117794, -0.51208901405334, 0.75311732292175, -0.22739586234093, 0.87703722715378, 0.77954542636871, 0.18019101023674, 0.85309529304504, 0.71808338165283, 0.2741847038269, 0.84025907516479, 0.71724945306778, 0.30053919553757, 0.82421135902405, 0.74110698699951, 0.31720548868179, 0.8190929889679, 0.77359086275101, 0.32091191411018
0.91525548696518, -0.12023448199034, 0.12126802653074, 0.52239894866943, -0.84213370084763, 0.47582930326462, 0.25678884983063, 0.07277798652649, 0.00582478940487, 0.61285787820816, 1.48879420757294, 0.13474988937378, -0.94307667016983, -1.66277682781219, -0.00933688227087, -0.37614145874977, 0.80169880390167, -0.29357492923737, 0.23530438542366, 0.15449039638042, -3.03434348106384, 0.90990149974823, 0.88973373174667, 0.25934982299805, 0.33333086967468, 2.5979585647583, 1.72947216033936, -0.48094353079796, 0.76191890239716, -0.37621742486954, -0.55564016103745, 0.7769181728363, -0.29030439257622, -0.56152522563934, 0.77337068319321, -0.2617946267128, -0.54266077280045, 0.76070284843445, -0.23754309117794, -0.51208901405334, 0.75311732292175, -0.22739586234093, 0.88048404455185, 0.7789181470871, 0.18029165267944, 0.85558605194092, 0.71745884418488, 0.27403846383095, 0.84250867366791, 0.71663570404053, 0.3002744615078, 0.82634830474854, 0.74051290750504, 0.31680324673653, 0.821249127388, 0.77300357818604, 0.32047581672668
0.50953388214111, -0.06415843963623, 0.06825149059296, 0.23417557775974, -0.47841468453407, 0.38584637641907, 0.26126301288605, 0.07232564687729, 0.00635765492916, 0.61527144908905, 1.48770594596863, 0.13441443443298, -0.94495612382889, -1.65672826766968, -0.01304193399847, -0.37614145874977, 0.80169880390167, -0.29357492923737, 0.23530438542366, 0.15449039638042, -3.03434348106384, 0.91358804702759, 0.88897877931595, 0.25956237316132, 0.33262476325035, 2.59109139442444, 1.73016476631165, -0.48094353079796, 0.76191890239716, -0.37621742486954, -0.55564016103745, 0.7769181728363, -0.29030439257622, -0.56152522563934, 0.77337068319321, -0.2617946267128, -0.54266077280045, 0.76070284843445, -0.23754309117794, -0.51208901405334, 0.75311732292175, -0.22739586234093, 0.88471126556396, 0.77824354171753, 0.18019291758537, 0.85913729667664, 0.71670073270798, 0.27370268106461, 0.84587395191193, 0.71585536003113, 0.29984444379807, 0.8296012878418, 0.73972010612488, 0.3162807226181, 0.8244823217392, 0.77220833301544, 0.31994771957397
0.28454303741455, -0.03560543060303, 0.03885447606444, 0.12656101584435, -0.29266351461411, 0.22224918007851, 0.26376473903656, 0.07207697629929, 0.00667054951191, 0.61759513616562, 1.48661351203918, 0.13414037227631, -0.94760769605637, -1.65117228031158, -0.01641325466335, -0.37614145874977, 0.80169880390167, -0.29357492923737, 0.23530438542366, 0.15449039638042, -3.03434348106384, 0.91776847839355, 0.88816273212433, 0.25968897342682, 0.33156037330627, 2.58474969863892, 1.73056495189667, -0.48094353079796, 0.76191890239716, -0.37621742486954, -0.55564016103745, 0.7769181728363, -0.29030439257622, -0.56152522563934, 0.77337068319321, -0.2617946267128, -0.54266077280045, 0.76070284843445, -0.23754309117794, -0.51208901405334, 0.75311732292175, -0.22739586234093, 0.88943272829056, 0.77750849723816, 0.18001213669777, 0.86326891183853, 0.71585643291473, 0.27328646183014, 0.84983694553375, 0.71497905254364, 0.299340903759, 0.83345246315002, 0.73882186412811, 0.31569781899452, 0.82830202579498, 0.77130478620529, 0.31936746835709
0.52679300308228, -0.06963729858398, 0.01535117533058, 0.0646435841918, -0.17631161212921, 0.23238518834114, 0.26830291748047, 0.07155245542526, 0.0067997276783, 0.6199968457222, 1.48556280136108, 0.13395380973816, -0.9503408074379, -1.64706075191498, -0.01889157481492, -0.37614145874977, 0.80169880390167, -0.29357492923737, 0.23530438542366, 0.15449039638042, -3.03434348106384, 0.91973000764847, 0.88823640346527, 0.25907921791077, 0.33470159769058, 2.59334111213684, 1.73022592067719, -0.48094353079796, 0.76191890239716, -0.37621742486954, -0.55564016103745, 0.7769181728363, -0.29030439257622, -0.56152522563934, 0.77337068319321, -0.2617946267128, -0.54266077280045, 0.76070284843445, -0.23754309117794, -0.51208901405334, 0.75311732292175, -0.22739586234093, 0.89055091142654, 0.77739608287811, 0.17996740341187, 0.86511600017548, 0.71604514122009, 0.27364099025726, 0.85191005468369, 0.71526032686234, 0.29981368780136, 0.83570116758347, 0.73917216062546, 0.31624460220337, 0.83062714338303, 0.77167248725891, 0.31986638903618
0.29768225550652, -0.03880977258086, 0.00859916210175, 0.0379875600338, -0.10914660990238, 0.16684457659721, 0.27087950706482, 0.07126533985138, 0.0068734139204, 0.62232965230942, 1.48441290855408, 0.13398110866547, -0.95166206359863, -1.64438045024872, -0.01883454620838, -0.37614145874977, 0.80169880390167, -0.29357492923737, 0.23530438542366, 0.15449039638042, -3.03434348106384, 0.92224407196045, 0.88805097341537, 0.25880825519562, 0.33582642674446, 2.59534382820129, 1.73014295101166, -0.48094353079796, 0.76191890239716, -0.37621742486954, -0.55564016103745, 0.7769181728363, -0.29030439257622, -0.56152522563934, 0.77337068319321, -0.2617946267128, -0.54266077280045, 0.76070284843445, -0.23754309117794, -0.51208901405334, 0.75311732292175, -0.22739586234093, 0.89284706115723, 0.77714669704437, 0.17986690998077, 0.86757063865662, 0.71590280532837, 0.27365338802338, 0.8544175028801, 0.71515101194382, 0.29985359311104, 0.83825433254242, 0.73908764123917, 0.31629338860512, 0.83320450782776, 0.77159422636032, 0.3198929131031
0.47916409373283, -0.10766743868589, 0.03107428364456, 0.19734032452106, -0.2720732986927, 0.15610441565514, 0.27496385574341, 0.0703986287117, 0.0070685595274, 0.6245459318161, 1.4832751750946, 0.13403654098511, -0.95343488454819, -1.64260256290436, -0.01903649419546, -0.37614145874977, 0.80169880390167, -0.29357492923737, 0.23530438542366, 0.15449039638042, -3.03434348106384, 0.92337334156036, 0.88692557811737, 0.25880908966064, 0.33463975787163, 2.59490442276001, 1.72912657260895, -0.48094353079796, 0.76191890239716, -0.37621742486954, -0.55564016103745, 0.7769181728363, -0.29030439257622, -0.56152522563934, 0.77337068319321, -0.2617946267128, -0.54266077280045, 0.76070284843445, -0.23754309117794, -0.51208901405334, 0.75311732292175, -0.22739586234093, 0.89414399862289, 0.77601987123489, 0.17980751395226, 0.86894571781158, 0.71469140052795, 0.27355977892876, 0.85579091310501, 0.71390724182129, 0.29975819587708, 0.83959168195724, 0.73781216144562, 0.31620863080025, 0.83449476957321, 0.77030956745148, 0.31982433795929
0.27783393859863, -0.06195544824004, 0.01802623085678, 0.14656633138657, -0.18639993667603, 0.11152985692024, 0.27733743190765, 0.06990170478821, 0.00717414915562, 0.62663054466248, 1.4821709394455, 0.1339498758316, -0.95634895563126, -1.6408463716507, -0.0196543764323, -0.37614145874977, 0.80169880390167, -0.29357492923737, 0.23530438542366, 0.15449039638042, -3.03434348106384, 0.92519456148148, 0.88589084148407, 0.25881278514862, 0.33375725150108, 2.59353613853455, 1.72855818271637, -0.48094353079796, 0.76191890239716, -0.37621742486954, -0.55564016103745, 0.7769181728363, -0.29030439257622, -0.56152522563934, 0.77337068319321, -0.2617946267128, -0.54266077280045, 0.76070284843445, -0.23754309117794, -0.51208901405334, 0.75311732292175, -0.22739586234093, 0.89616042375565, 0.77499586343765, 0.17972421646118, 0.87090772390366, 0.71359980106354, 0.27341756224632, 0.85772269964218, 0.71279114484787, 0.29960006475449, 0.8414820432663, 0.73667335510254, 0.31604263186455, 0.83635103702545, 0.76916438341141, 0.31966772675514
0.39941307902336, -0.15712736546993, 0.01310884859413, 0.21168382465839, -0.24725925922394, 0.06254249066114, 0.28069639205933, 0.06859922409058, 0.00720782577991, 0.62858825922012, 1.48113036155701, 0.13382506370544, -0.95983976125717, -1.63891530036926, -0.02016242407262, -0.37614145874977, 0.80169880390167, -0.29357492923737, 0.23530438542366, 0.15449039638042, -3.03434348106384, 0.9258194565773, 0.88445198535919, 0.25841593742371, 0.33357974886894, 2.59326887130737, 1.73647689819336, -0.48094353079796, 0.76191890239716, -0.37621742486954, -0.55564016103745, 0.7769181728363, -0.29030439257622, -0.56152522563934, 0.77337068319321, -0.2617946267128, -0.54266077280045, 0.76070284843445, -0.23754309117794, -0.51208901405334, 0.75311732292175, -0.22739586234093, 0.89631605148315, 0.7740626335144, 0.17879544198513, 0.8704087138176, 0.71244871616364, 0.27216649055481, 0.85714370012283, 0.71161729097366, 0.29830783605576, 0.84100633859634, 0.73553472757339, 0.31480088829994, 0.8360692858696, 0.7680424451828, 0.31854322552681
0.40193077921867, -0.30881163477898, -0.02586006931961, 0.18625901639462, -0.14097185432911, -0.01913481391966, 0.28402626514435, 0.0660126209259, 0.00689885020256, 0.63047128915787, 1.48007893562317, 0.13369429111481, -0.9621057510376, -1.63787055015564, -0.02068643085659, -0.37614145874977, 0.80169880390167, -0.29357492923737, 0.23530438542366, 0.15449039638042, -3.03434348106384, 0.92569994926453, 0.88201355934143, 0.2577029466629, 0.33191493153572, 2.59807229042053, 1.7519211769104, -0.48094353079796, 0.76191890239716, -0.37621742486954, -0.55564016103745, 0.7769181728363, -0.29030439257622, -0.56152522563934, 0.77337068319321, -0.2617946267128, -0.54266077280045, 0.76070284843445, -0.23754309117794, -0.51208901405334, 0.75311732292175, -0.22739586234093, 0.89494037628174, 0.77269530296326, 0.1770862787962, 0.86829203367233, 0.7105485200882, 0.26989394426346, 0.85501056909561, 0.70963591337204, 0.29602426290512, 0.83914709091187, 0.73358970880508, 0.31272891163826, 0.8345867395401, 0.76611757278442, 0.31676283478737
0.23862360417843, -0.18480776250362, -0.01541197206825, 0.17496259510517, -0.1097654774785, -0.07352469116449, 0.28595900535583, 0.06444615125656, 0.00668348371983, 0.63233828544617, 1.47910296916962, 0.13357889652252, -0.96452796459198, -1.63714337348938, -0.02088336087763, -0.37614145874977, 0.80169880390167, -0.29357492923737, 0.23530438542366, 0.15449039638042, -3.03434348106384, 0.92622661590576, 0.8800083398819, 0.25710046291351, 0.33072516322136, 2.60047006607056, 1.76163935661316, -0.48094353079796, 0.76191890239716, -0.37621742486954, -0.55564016103745, 0.7769181728363, -0.29030439257622, -0.56152522563934, 0.77337068319321, -0.2617946267128, -0.54266077280045, 0.76070284843445, -0.23754309117794, -0.51208901405334, 0.75311732292175, -0.22739586234093, 0.89473801851273, 0.77138233184814, 0.17583212256432, 0.86756670475006, 0.70889711380005, 0.26826018095016, 0.85425853729248, 0.70793056488037, 0.29437491297722, 0.83855617046356, 0.73190224170685, 0.31120559573174, 0.83422875404358, 0.76443862915039, 0.31542357802391
0.27299880981445, -0.38407084345818, -0.03555357456207, 0.21097166836262, -0.09278277307749, -0.20739503204823, 0.28810346126556, 0.06119012832642, 0.00628469884396, 0.63399523496628, 1.47817063331604, 0.13348424434662, -0.96718627214432, -1.63632142543793, -0.02013193070889, -0.37614145874977, 0.80169880390167, -0.29357492923737, 0.23530438542366, 0.15449039638042, -3.03434348106384, 0.92648506164551, 0.87714385986328, 0.2562004327774, 0.33135050535202, 2.60217595100403, 1.77599895000458, -0.48094353079796, 0.76191890239716, -0.37621742486954, -0.55564016103745, 0.7769181728363, -0.29030439257622, -0.56152522563934, 0.77337068319321, -0.2617946267128, -0.54266077280045, 0.76070284843445, -0.23754309117794, -0.51208901405334, 0.75311732292175, -0.22739586234093, 0.89394372701645, 0.76942765712738, 0.17413970828056, 0.8657500743866, 0.7066792845726, 0.26608195900917, 0.85235297679901, 0.70570421218872, 0.29215088486671, 0.83688801527023, 0.7297534942627, 0.30909025669098, 0.83293724060059, 0.76231157779694, 0.31350588798523
0.16579626500607, -0.23623465001583, -0.0214701872319, 0.1851494461298, -0.07496349513531, -0.22218824923038, 0.28933048248291, 0.05915719270706, 0.00599882006645, 0.63550370931625, 1.47717475891113, 0.133265376091, -0.96938961744308, -1.63597249984741, -0.0194184537977, -0.37614145874977, 0.80169880390167, -0.29357492923737, 0.23530438542366, 0.15449039638042, -3.03434348106384, 0.92723315954208, 0.87449091672897, 0.2553516626358, 0.33173084259033, 2.60332345962524, 1.78791761398315, -0.48094353079796, 0.76191890239716, -0.37621742486954, -0.55564016103745, 0.7769181728363, -0.29030439257622, -0.56152522563934, 0.77337068319321, -0.2617946267128, -0.54266077280045, 0.76070284843445, -0.23754309117794, -0.51208901405334, 0.75311732292175, -0.22739586234093, 0.89385783672333, 0.76754957437515, 0.17261524498463, 0.86479330062866, 0.70458316802979, 0.26413628458977, 0.85131537914276, 0.70359855890274, 0.29016315937042, 0.83604156970978, 0.72770684957504, 0.30719193816185, 0.83239990472794, 0.76027780771255, 0.31177487969398
0.20058630406857, -0.36415812373161, -0.05593657121062, 0.3670400083065, -0.20260332524776, -0.33558538556099, 0.29078388214111, 0.0560308098793, 0.00534790754318, 0.63697457313538, 1.47625839710236, 0.13294768333435, -0.97174030542374, -1.63480019569397, -0.01930648460984, -0.37614145874977, 0.80169880390167, -0.29357492923737, 0.23530438542366, 0.15449039638042, -3.03434348106384, 0.92751711606979, 0.87210422754288, 0.25422060489655, 0.33055683970451, 2.60382747650146, 1.79839360713959, -0.48094353079796, 0.76191890239716, -0.37621742486954, -0.55564016103745, 0.7769181728363, -0.29030439257622, -0.56152522563934, 0.77337068319321, -0.2617946267128, -0.54266077280045, 0.76070284843445, -0.23754309117794, -0.51208901405334, 0.75311732292175, -0.22739586234093, 0.89354056119919, 0.76593482494354, 0.17073810100555, 0.86371207237244, 0.70264577865601, 0.26178956031799, 0.85015064477921, 0.70160979032516, 0.28777104616165, 0.83501797914505, 0.72573435306549, 0.30490246415138, 0.83162021636963, 0.75830471515656, 0.30967336893082
0.12455462664366, -0.23015497624874, -0.03443241119385, 0.35324263572693, -0.18377691507339, -0.36971840262413, 0.29158675670624, 0.05401647090912, 0.00488479435444, 0.63835102319717, 1.47537457942963, 0.13259828090668, -0.97464644908905, -1.63255143165588, -0.0195872373879, -0.37614145874977, 0.80169880390167, -0.29357492923737, 0.23530438542366, 0.15449039638042, -3.03434348106384, 0.92812639474869, 0.86983978748322, 0.25322806835175, 0.32942301034927, 2.60415601730347, 1.80841970443726, -0.48094353079796, 0.76191890239716, -0.37621742486954, -0.55564016103745, 0.7769181728363, -0.29030439257622, -0.56152522563934, 0.77337068319321, -0.2617946267128, -0.54266077280045, 0.76070284843445, -0.23754309117794, -0.51208901405334, 0.75311732292175, -0.22739586234093, 0.89359420537949, 0.76441842317581, 0.16902862489223, 0.86302042007446, 0.70082831382751, 0.25962197780609, 0.84937518835068, 0.69974386692047, 0.28555756807327, 0.83437490463257, 0.72388231754303, 0.30278569459915, 0.83120942115784, 0.75644910335541, 0.30773690342903
0.07769107073545, -0.14686344563961, -0.02116620354354, 0.28852131962776, -0.14987310767174, -0.33766850829124, 0.29200673103333, 0.05270141363144, 0.00455442070961, 0.63967007398605, 1.47454583644867, 0.13220536708832, -0.97718453407288, -1.62992703914642, -0.02059913426638, -0.37614145874977, 0.80169880390167, -0.29357492923737, 0.23530438542366, 0.15449039638042, -3.03434348106384, 0.92891925573349, 0.8675901889801, 0.25233662128448, 0.32819408178329, 2.6043746471405, 1.81921696662903, -0.48094353079796, 0.76191890239716, -0.37621742486954, -0.55564016103745, 0.7769181728363, -0.29030439257622, -0.56152522563934, 0.77337068319321, -0.2617946267128, -0.54266077280045, 0.76070284843445, -0.23754309117794, -0.51208901405334, 0.75311732292175, -0.22739586234093, 0.89380759000778, 0.76298439502716, 0.16736322641373, 0.86241906881332, 0.69907879829407, 0.25745463371277, 0.84868013858795, 0.69794315099716, 0.28333848714828, 0.83382016420364, 0.72209459543228, 0.30066961050034, 0.83090353012085, 0.75465446710587, 0.30581557750702
0.12142180651426, -0.29276129603386, -0.05325078591704, 0.49717622995377, -0.32967534661293, -0.43980699777603, 0.29272866249084, 0.05014491081238, 0.0038698464632, 0.64090305566788, 1.47380101680756, 0.13182580471039, -0.97992897033691, -1.62797617912292, -0.02057001180947, -0.37614145874977, 0.80169880390167, -0.29357492923737, 0.23530438542366, 0.15449039638042, -3.03434348106384, 0.92894858121872, 0.86541312932968, 0.25123739242554, 0.32556945085526, 2.60281610488892, 1.84155881404877, -0.48094353079796, 0.76191890239716, -0.37621742486954, -0.55564016103745, 0.7769181728363, -0.29030439257622, -0.56152522563934, 0.77337068319321, -0.2617946267128, -0.54266077280045, 0.76070284843445, -0.23754309117794, -0.51208901405334, 0.75311732292175, -0.22739586234093, 0.89284068346024, 0.76253026723862, 0.16459438204765, 0.85958975553513, 0.69799596071243, 0.25356245040894, 0.84560537338257, 0.69675540924072, 0.27930968999863, 0.83099985122681, 0.72092652320862, 0.29682856798172, 0.8285841345787, 0.75346124172211, 0.30237752199173
0.12228011339903, -0.31415459513664, -0.01579463481903, 0.62964117527008, -0.51838660240173, -0.52488821744919, 0.29339599609375, 0.04738831520081, 0.00345341861248, 0.64200264215469, 1.47307896614075, 0.13156735897064, -0.98286354541779, -1.62601780891418, -0.02081275545061, -0.37614145874977, 0.80169880390167, -0.29357492923737, 0.23530438542366, 0.15449039638042, -3.03434348106384, 0.92856687307358, 0.86467832326889, 0.25115489959717, 0.32631725072861, 2.59887742996216, 1.84892618656158, -0.48094353079796, 0.76191890239716, -0.37621742486954, -0.55564016103745, 0.7769181728363, -0.29030439257622, -0.56152522563934, 0.77337068319321, -0.2617946267128, -0.54266077280045, 0.76070284843445, -0.23754309117794, -0.51208901405334, 0.75311732292175, -0.22739586234093, 0.89235264062881, 0.76228225231171, 0.1639811694622, 0.8581315279007, 0.69770085811615, 0.25254622101784, 0.84397745132446, 0.69647401571274, 0.27820122241974, 0.82941567897797, 0.72068637609482, 0.29569965600967, 0.82717192173004, 0.75321936607361, 0.30133000016212
0.07896422594786, -0.20797489583492, -0.00975787546486, 0.48173347115517, -0.37726381421089, -0.47943937778473, 0.29373252391815, 0.04553228616714, 0.00314563512802, 0.64294332265854, 1.47239410877228, 0.13129186630249, -0.98632991313934, -1.62410724163055, -0.020822070539, -0.37614145874977, 0.80169880390167, -0.29357492923737, 0.23530438542366, 0.15449039638042, -3.03434348106384, 0.92856043577194, 0.86401826143265, 0.25091683864594, 0.32666948437691, 2.59676837921143, 1.85323178768158, -0.48094353079796, 0.76191890239716, -0.37621742486954, -0.55564016103745, 0.7769181728363, -0.29030439257622, -0.56152522563934, 0.77337068319321, -0.2617946267128, -0.54266077280045, 0.76070284843445, -0.23754309117794, -0.51208901405334, 0.75311732292175, -0.22739586234093, 0.89227551221848, 0.7619132399559, 0.16343168914318, 0.85750848054886, 0.69729852676392, 0.25175955891609, 0.84326046705246, 0.69607752561569, 0.27736276388168, 0.82872658967972, 0.72031164169312, 0.2948542535305, 0.82658261060715, 0.75284254550934, 0.30053573846817
0.07078170776367, -0.2988266646862, -0.04829942807555, 0.41743478178978, -0.26230952143669, -0.50132483243942, 0.29398930072784, 0.04291784763336, 0.00253090262413, 0.64372646808624, 1.47192203998566, 0.13084328174591, -0.98978644609451, -1.62263548374176, -0.02069961838424, -0.37614145874977, 0.80169880390167, -0.29357492923737, 0.23530438542366, 0.15449039638042, -3.03434348106384, 0.92833799123764, 0.86312913894653, 0.25050675868988, 0.32665050029755, 2.59655261039734, 1.8599054813385, -0.48094353079796, 0.76191890239716, -0.37621742486954, -0.55564016103745, 0.7769181728363, -0.29030439257622, -0.56152522563934, 0.77337068319321, -0.2617946267128, -0.54266077280045, 0.76070284843445, -0.23754309117794, -0.51208901405334, 0.75311732292175, -0.22739586234093, 0.89171016216278, 0.76150959730148, 0.16260026395321, 0.85638642311096, 0.69679361581802, 0.250632584095, 0.84207147359848, 0.69556540250778, 0.27619811892509, 0.82762712240219, 0.71982002258301, 0.29373529553413, 0.82564514875412, 0.75234317779541, 0.29951903223991
0.04614829644561, -0.20014284551144, -0.0315248966217, 0.33674347400665, -0.21000535786152, -0.45432156324387, 0.29407799243927, 0.0411422252655, 0.00209905207157, 0.64446067810059, 1.47158634662628, 0.13041388988495, -0.99199068546295, -1.62168395519257, -0.02066778019071, -0.37614145874977, 0.80169880390167, -0.29357492923737, 0.23530438542366, 0.15449039638042, -3.03434348106384, 0.92825394868851, 0.86213541030884, 0.25005757808685, 0.32659986615181, 2.59629321098328, 1.86675763130188, -0.48094353079796, 0.76191890239716, -0.37621742486954, -0.55564016103745, 0.7769181728363, -0.29030439257622, -0.56152522563934, 0.77337068319321, -0.2617946267128, -0.54266077280045, 0.76070284843445, -0.23754309117794, -0.51208901405334, 0.75311732292175, -0.22739586234093, 0.89128291606903, 0.76101952791214, 0.16171509027481, 0.8553854227066, 0.69620060920715, 0.24943912029266, 0.84100091457367, 0.69496464729309, 0.27496516704559, 0.82664740085602, 0.71923887729645, 0.29254963994026, 0.82483065128326, 0.75175261497498, 0.29843956232071
0.04981040582061, -0.23910282552242, -0.03570556640625, 0.39737290143967, -0.32293692231178, -0.4524841606617, 0.29419207572937, 0.03904122114182, 0.00161451101303, 0.64511251449585, 1.47141945362091, 0.13001000881195, -0.99345767498016, -1.62129199504852, -0.01952900923789, -0.37614145874977, 0.80169880390167, -0.29357492923737, 0.23530438542366, 0.15449039638042, -3.03434348106384, 0.92790162563324, 0.86097902059555, 0.2497786283493, 0.32702380418777, 2.59407567977905, 1.87558817863464, -0.48094353079796, 0.76191890239716, -0.37621742486954, -0.55564016103745, 0.7769181728363, -0.29030439257622, -0.56152522563934, 0.77337068319321, -0.2617946267128, -0.54266077280045, 0.76070284843445, -0.23754309117794, -0.51208901405334, 0.75311732292175, -0.22739586234093, 0.89063590764999, 0.76048958301544, 0.16084706783295, 0.85381859540939, 0.69558995962143, 0.24812904000282, 0.83929622173309, 0.69435888528824, 0.27357715368271, 0.82503271102905, 0.71866846084595, 0.29118612408638, 0.82342535257339, 0.75117111206055, 0.29719689488411
0.03291606903076, -0.1625490039587, -0.02349078468978, 0.29045510292053, -0.24284102022648, -0.38975647091866, 0.29421031475067, 0.0375964641571, 0.00128424167633, 0.64568877220154, 1.47129440307617, 0.12958657741547, -0.99390351772308, -1.62158870697021, -0.01797965727746, -0.37614145874977, 0.80169880390167, -0.29357492923737, 0.23530438542366, 0.15449039638042, -3.03434348106384, 0.927494764328, 0.85949003696442, 0.24953830242157, 0.32756578922272, 2.59092879295349, 1.88841485977173, -0.48094353079796, 0.76191890239716, -0.37621742486954, -0.55564016103745, 0.7769181728363, -0.29030439257622, -0.56152522563934, 0.77337068319321, -0.2617946267128, -0.54266077280045, 0.76070284843445, -0.23754309117794, -0.51208901405334, 0.75311732292175, -0.22739586234093, 0.88981413841248, 0.75992465019226, 0.15974643826485, 0.85167324542999, 0.69491285085678, 0.24637418985367, 0.83695322275162, 0.69368815422058, 0.27170878648758, 0.82282054424286, 0.71804529428482, 0.28935751318932, 0.82151466608047, 0.75052756071091, 0.29554864764214
0, 0, 0, -0.03487687185407, 0.03276311978698, 0.06763999164104, 0.29422235488892, 0.03588020801544, 0.00095450878143, 0.64591109752655, 1.47127091884613, 0.12940394878387, -0.99378287792206, -1.62162780761719, -0.01730765216053, -0.37614145874977, 0.80169880390167, -0.29357492923737, 0.23530438542366, 0.15449039638042, -3.03434348106384, 0.92724019289017, 0.85888820886612, 0.24953496456146, 0.32551795244217, 2.58930635452271, 1.89570653438568, -0.48094353079796, 0.76191890239716, -0.37621742486954, -0.55564016103745, 0.7769181728363, -0.29030439257622, -0.56152522563934, 0.77337068319321, -0.2617946267128, -0.54266077280045, 0.76070284843445, -0.23754309117794, -0.51208901405334, 0.75311732292175, -0.22739586234093, 0.88943934440613, 0.75998771190643, 0.1590614169836, 0.85064291954041, 0.69469773769379, 0.24518737196922, 0.8358166217804, 0.69340842962265, 0.27045670151711, 0.82173097133636, 0.71773850917816, 0.28818011283875, 0.82055640220642, 0.75019311904907, 0.29454043507576
0.0335168838501, -0.19462107121944, -0.01593053340912, 0.47937339544296, -0.46218132972717, -0.46451359987259, 0.29422235488892, 0.03588020801544, 0.00095450878143, 0.64606827497482, 1.47123050689697, 0.12921607494354, -0.99366891384125, -1.621830701828, -0.01656084880233, -0.37614145874977, 0.80169880390167, -0.29357492923737, 0.23530438542366, 0.15449039638042, -3.03434348106384, 0.92700636386871, 0.85828751325607, 0.24952387809753, 0.32366392016411, 2.58772134780884, 1.90280222892761, -0.48094353079796, 0.76191890239716, -0.37621742486954, -0.55564016103745, 0.7769181728363, -0.29030439257622, -0.56152522563934, 0.77337068319321, -0.2617946267128, -0.54266077280045, 0.76070284843445, -0.23754309117794, -0.51208901405334, 0.75311732292175, -0.22739586234093, 0.88908678293228, 0.76003074645996, 0.1584008783102, 0.849649310112, 0.6944876909256, 0.24404202401638, 0.83471953868866, 0.69314002990723, 0.26924738287926, 0.82068109512329, 0.71744614839554, 0.28704091906548, 0.81963574886322, 0.74987310171127, 0.29356276988983
0.02200126461685, -0.13428926467896, -0.01108825113624, 0.30659994482994, -0.28755828738213, -0.33420166373253, 0.29418575763702, 0.03468519449234, 0.00072568655014, 0.64642059803009, 1.47125422954559, 0.12887537479401, -0.99348127841949, -1.62228155136108, -0.01543297246099, -0.37614145874977, 0.80169880390167, -0.29357492923737, 0.23530438542366, 0.15449039638042, -3.03434348106384, 0.92661702632904, 0.85713875293732, 0.24946391582489, 0.32067838311195, 2.58484411239624, 1.91564035415649, -0.48094353079796, 0.76191890239716, -0.37621742486954, -0.55564016103745, 0.7769181728363, -0.29030439257622, -0.56152522563934, 0.77337068319321, -0.2617946267128, -0.54266077280045, 0.76070284843445, -0.23754309117794, -0.51208901405334, 0.75311732292175, -0.22739586234093, 0.88847696781158, 0.76003700494766, 0.15720197558403, 0.84787106513977, 0.69408178329468, 0.24197633564472, 0.8327544927597, 0.69264072179794, 0.26706489920616, 0.81880515813828, 0.7169097661972, 0.28497883677483, 0.81799787282944, 0.74928510189056, 0.29178446531296
0.00577926589176, -0.11576413363218, -0.01105427648872, 0.61679482460022, -0.64719885587692, -0.33755508065224, 0.29400098323822, 0.03363823890686, 0.00036628544331, 0.64679253101349, 1.47123682498932, 0.12845301628113, -0.9922080039978, -1.62283754348755, -0.01322220079601, -0.37614145874977, 0.80169880390167, -0.29357492923737, 0.23530438542366, 0.15449039638042, -3.03434348106384, 0.92621546983719, 0.85711163282394, 0.249307513237, 0.31302329897881, 2.57929015159607, 1.91662275791168, -0.48094353079796, 0.76191890239716, -0.37621742486954, -0.55564016103745, 0.7769181728363, -0.29030439257622, -0.56152522563934, 0.77337068319321, -0.2617946267128, -0.54266077280045, 0.76070284843445, -0.23754309117794, -0.51208901405334, 0.75311732292175, -0.22739586234093, 0.88893556594849, 0.76053392887115, 0.15614834427834, 0.84805190563202, 0.69385588169098, 0.24022082984447, 0.83279377222061, 0.69219022989273, 0.26520955562592, 0.81866002082825, 0.71628785133362, 0.28321009874344, 0.81770634651184, 0.74861204624176, 0.2902364730835
0.0028324124869, -0.08185385912657, -0.00858128070831, 0.37951982021332, -0.40455988049507, -0.27715983986855, 0.29383945465088, 0.03289306163788, 0.00013399124146, 0.64712566137314, 1.47133338451386, 0.12797057628632, -0.99096715450287, -1.62247562408447, -0.01168868504465, -0.37614145874977, 0.80169880390167, -0.29357492923737, 0.23530438542366, 0.15449039638042, -3.03434348106384, 0.92584085464478, 0.85691398382187, 0.24908518791199, 0.30896937847137, 2.57604360580444, 1.91955959796906, -0.48094353079796, 0.76191890239716, -0.37621742486954, -0.55564016103745, 0.7769181728363, -0.29030439257622, -0.56152522563934, 0.77337068319321, -0.2617946267128, -0.54266077280045, 0.76070284843445, -0.23754309117794, -0.51208901405334, 0.75311732292175, -0.22739586234093, 0.88892948627472, 0.76080352067947, 0.15529815852642, 0.84768527746201, 0.6937210559845, 0.23887130618095, 0.8323233127594, 0.6919356584549, 0.26378807425499, 0.81811958551407, 0.71594732999802, 0.28184825181961, 0.81714284420013, 0.74823677539825, 0.28902959823608
-0.00603675795719, -0.07553815096617, -0.05638181790709, 0.47114253044128, -0.43309950828552, -0.25348061323166, 0.293616771698, 0.03220427036285, -0.00055514276028, 0.64730435609818, 1.47141778469086, 0.12751412391663, -0.99000418186188, -1.62218832969666, -0.01120856311172, -0.37614145874977, 0.80169880390167, -0.29357492923737, 0.23530438542366, 0.15449039638042, -3.03434348106384, 0.92563611268997, 0.85682219266891, 0.24815511703491, 0.30278027057648, 2.57991242408752, 1.9260413646698, -0.48094353079796, 0.76191890239716, -0.37621742486954, -0.55564016103745, 0.7769181728363, -0.29030439257622, -0.56152522563934, 0.77337068319321, -0.2617946267128, -0.54266077280045, 0.76070284843445, -0.23754309117794, -0.51208901405334, 0.75311732292175, -0.22739586234093, 0.88836073875427, 0.7615864276886, 0.15362271666527, 0.84714692831039, 0.69387197494507, 0.23669973015785, 0.83182919025421, 0.69190329313278, 0.26162987947464, 0.81770622730255, 0.71578705310822, 0.27992159128189, 0.81680536270142, 0.74801582098007, 0.28738003969193
-0.00543594313785, -0.05459546670318, -0.04128813371062, 0.3157471716404, -0.25947204232216, -0.21410019695759, 0.29343295097351, 0.031702876091, -0.00104674696922, 0.64739191532135, 1.47158241271973, 0.12703156471252, -0.99007076025009, -1.62187266349792, -0.01077478006482, -0.37614145874977, 0.80169880390167, -0.29357492923737, 0.23530438542366, 0.15449039638042, -3.03434348106384, 0.92535907030106, 0.85676956176758, 0.24725925922394, 0.29800766706467, 2.5816969871521, 1.93196618556976, -0.48094353079796, 0.76191890239716, -0.37621742486954, -0.55564016103745, 0.7769181728363, -0.29030439257622, -0.56152522563934, 0.77337068319321, -0.2617946267128, -0.54266077280045, 0.76070284843445, -0.23754309117794, -0.51208901405334, 0.75311732292175, -0.22739586234093, 0.88786685466766, 0.76228702068329, 0.15205910801888, 0.84650242328644, 0.69408148527145, 0.23465821146965, 0.83118087053299, 0.69197160005569, 0.25957447290421, 0.81711220741272, 0.7157576084137, 0.27803468704224, 0.8162841796875, 0.74793487787247, 0.28572025895119
0.00137329089921, -0.05443811044097, -0.06266891956329, 0.29974308609962, -0.21974062919617, -0.183139950037, 0.29331541061401, 0.03120613098145, -0.00172808766365, 0.64757299423218, 1.47170972824097, 0.12668716907501, -0.99037551879883, -1.62106096744537, -0.01065940223634, -0.37614145874977, 0.80169880390167, -0.29357492923737, 0.23530438542366, 0.15449039638042, -3.03434348106384, 0.92536228895187, 0.85696458816528, 0.24650347232819, 0.29786029458046, 2.58305597305298, 1.93580007553101, -0.48094353079796, 0.76191890239716, -0.37621742486954, -0.55564016103745, 0.7769181728363, -0.29030439257622, -0.56152522563934, 0.77337068319321, -0.2617946267128, -0.54266077280045, 0.76070284843445, -0.23754309117794, -0.51208901405334, 0.75311732292175, -0.22739586234093, 0.88756215572357, 0.76279330253601, 0.15111692249775, 0.84601038694382, 0.69454252719879, 0.23358452320099, 0.83068823814392, 0.69242745637894, 0.25849997997284, 0.81669592857361, 0.71621763706207, 0.27701270580292, 0.81596714258194, 0.74838137626648, 0.28476503491402
0.00015735624766, -0.04041194543242, -0.04621803388, 0.23784184455872, -0.14607164263725, -0.17875428497791, 0.29320204257965, 0.03083181381226, -0.00223422050476, 0.64775717258453, 1.47181785106659, 0.12639963626862, -0.99088329076767, -1.62098026275635, -0.01012249663472, -0.37614145874977, 0.80169880390167, -0.29357492923737, 0.23530438542366, 0.15449039638042, -3.03434348106384, 0.92536109685898, 0.85708892345428, 0.24575471878052, 0.29694449901581, 2.58375573158264, 1.94004511833191, -0.48094353079796, 0.76191890239716, -0.37621742486954, -0.55564016103745, 0.7769181728363, -0.29030439257622, -0.56152522563934, 0.77337068319321, -0.2617946267128, -0.54266077280045, 0.76070284843445, -0.23754309117794, -0.51208901405334, 0.75311732292175, -0.22739586234093, 0.88733500242233, 0.76330929994583, 0.15007255971432, 0.84553641080856, 0.69494080543518, 0.23231755197048, 0.83019441366196, 0.69279825687408, 0.25721842050552, 0.81626236438751, 0.71657544374466, 0.27579313516617, 0.81562441587448, 0.74871832132339, 0.28363919258118
-0.01009941007942, -0.03555536270142, -0.06132244691253, 0.09487171471119, 0.01426142454147, -0.135149538517, 0.29301965236664, 0.03050398826599, -0.00281694531441, 0.64771074056625, 1.47204101085663, 0.12606871128082, -0.99136793613434, -1.62125217914581, -0.00941367540509, -0.37614145874977, 0.80169880390167, -0.29357492923737, 0.23530438542366, 0.15449039638042, -3.03434348106384, 0.92525285482407, 0.85748261213303, 0.24531304836273, 0.29912915825844, 2.58630061149597, 1.94191598892212, -0.48094353079796, 0.76191890239716, -0.37621742486954, -0.55564016103745, 0.7769181728363, -0.29030439257622, -0.56152522563934, 0.77337068319321, -0.2617946267128, -0.54266077280045, 0.76070284843445, -0.23754309117794, -0.51208901405334, 0.75311732292175, -0.22739586234093, 0.88678538799286, 0.76371818780899, 0.14979255199432, 0.84496855735779, 0.69553631544113, 0.23218311369419, 0.82967060804367, 0.69345736503601, 0.25711649656296, 0.8158392906189, 0.7172886133194, 0.27569723129272, 0.81530290842056, 0.74944019317627, 0.28351521492004
-0.00745296431705, -0.02625703625381, -0.04493593797088, 0.08229596167803, 0.00858274940401, -0.11728907376528, 0.29287981987, 0.03026038408279, -0.00324761867523, 0.64754790067673, 1.47228097915649, 0.12572681903839, -0.99145537614822, -1.62233150005341, -0.0084358593449, -0.37614145874977, 0.80169880390167, -0.29357492923737, 0.23530438542366, 0.15449039638042, -3.03434348106384, 0.925137758255, 0.85776060819626, 0.24488723278046, 0.30031242966652, 2.58821797370911, 1.94462203979492, -0.48094353079796, 0.76191890239716, -0.37621742486954, -0.55564016103745, 0.7769181728363, -0.29030439257622, -0.56152522563934, 0.77337068319321, -0.2617946267128, -0.54266077280045, 0.76070284843445, -0.23754309117794, -0.51208901405334, 0.75311732292175, -0.22739586234093, 0.88629913330078, 0.76413911581039, 0.14937672019005, 0.84438228607178, 0.6960461139679, 0.23178991675377, 0.82910639047623, 0.69400143623352, 0.25673967599869, 0.81536316871643, 0.71786499023438, 0.27534431219101, 0.81492620706558, 0.75001519918442, 0.28317421674728
-0.00273227668367, -0.02880334667861, -0.0566714964807, -0.01802031137049, 0.12827026844025, -0.10339942574501, 0.29279804229736, 0.03000199794769, -0.00372585654259, 0.64739489555359, 1.47262334823608, 0.12541794776917, -0.99112623929977, -1.62342572212219, -0.007458104752, -0.37614145874977, 0.80169880390167, -0.29357492923737, 0.23530438542366, 0.15449039638042, -3.03434348106384, 0.92523914575577, 0.85804009437561, 0.24455654621124, 0.30395203828812, 2.59029388427734, 1.947585105896, -0.48094353079796, 0.76191890239716, -0.37621742486954, -0.55564016103745, 0.7769181728363, -0.29030439257622, -0.56152522563934, 0.77337068319321, -0.2617946267128, -0.54266077280045, 0.76070284843445, -0.23754309117794, -0.51208901405334, 0.75311732292175, -0.22739586234093, 0.88588237762451, 0.7644334435463, 0.1492438018322, 0.84377068281174, 0.69665503501892, 0.23181685805321, 0.82851600646973, 0.69471651315689, 0.25678804516792, 0.81489819288254, 0.71866911649704, 0.27537041902542, 0.8146094083786, 0.75083351135254, 0.28314888477325
-0.00188827503007, -0.02182245068252, -0.04255056008697, 0, 0, 0, 0.29273176193237, 0.02980434894562, -0.00409370660782, 0.64720815420151, 1.47295892238617, 0.12511503696442, -0.98977035284042, -1.62480914592743, -0.00648298440501, -0.37614145874977, 0.80169880390167, -0.29357492923737, 0.23530438542366, 0.15449039638042, -3.03434348106384, 0.92531925439835, 0.8582438826561, 0.24421298503876, 0.30674842000008, 2.5921425819397, 1.95131719112396, -0.48094353079796, 0.76191890239716, -0.37621742486954, -0.55564016103745, 0.7769181728363, -0.29030439257622, -0.56152522563934, 0.77337068319321, -0.2617946267128, -0.54266077280045, 0.76070284843445, -0.23754309117794, -0.51208901405334, 0.75311732292175, -0.22739586234093, 0.88547265529633, 0.76476556062698, 0.14897784590721, 0.84311676025391, 0.69722014665604, 0.23161689937115, 0.82787173986435, 0.69536328315735, 0.25660017132759, 0.81437528133392, 0.71938651800156, 0.2751798927784, 0.81423676013947, 0.75155591964722, 0.28294169902802
-0.00409126281738, -0.02361059002578, -0.05852400884032, -0.07100892066956, 0.23815965652466, -0.14364312589169, 0.29265737533569, 0.02959531545639, -0.00456881523132, 0.64690321683884, 1.47335064411163, 0.12481677532196, -0.98818820714951, -1.62704980373383, -0.00508095277473, -0.37614145874977, 0.80169880390167, -0.29357492923737, 0.23530438542366, 0.15449039638042, -3.03434348106384, 0.92533266544342, 0.85845506191254, 0.24379432201385, 0.30990034341812, 2.59369421005249, 1.9541916847229, -0.48094353079796, 0.76191890239716, -0.37621742486954, -0.55564016103745, 0.7769181728363, -0.29030439257622, -0.56152522563934, 0.77337068319321, -0.2617946267128, -0.54266077280045, 0.76070284843445, -0.23754309117794, -0.51208901405334, 0.75311732292175, -0.22739586234093, 0.88504934310913, 0.76501625776291, 0.14870423078537, 0.84248131513596, 0.69774413108826, 0.23145712912083, 0.82724606990814, 0.69597941637039, 0.25645303726196, 0.81385797262192, 0.720079600811, 0.27501153945923, 0.81385278701782, 0.75225901603699, 0.28273284435272
-0.0029897687491, -0.01800298504531, -0.04476606473327, -0.03289761394262, 0.10049000382423, -0.05052144452929, 0.29259991645813, 0.02943527698517, -0.00494040548801, 0.64650356769562, 1.4737503528595, 0.12452638149261, -0.98711585998535, -1.62889015674591, -0.00343958381563, -0.37614145874977, 0.80169880390167, -0.29357492923737, 0.23530438542366, 0.15449039638042, -3.03434348106384, 0.92534047365189, 0.85862392187119, 0.2433625459671, 0.31223377585411, 2.59505105018616, 1.95754420757294, -0.48094353079796, 0.76191890239716, -0.37621742486954, -0.55564016103745, 0.7769181728363, -0.29030439257622, -0.56152522563934, 0.77337068319321, -0.2617946267128, -0.54266077280045, 0.76070284843445, -0.23754309117794, -0.51208901405334, 0.75311732292175, -0.22739586234093, 0.88465785980225, 0.76531302928925, 0.14831684529781, 0.84185254573822, 0.69823658466339, 0.23110614717007, 0.82661873102188, 0.69654023647308, 0.25610765814781, 0.81333184242249, 0.72069907188416, 0.27466258406639, 0.8134560585022, 0.75288081169128, 0.28237316012383
-0.0168514251709, -0.01611471176147, -0.03945529088378, -0.0570925027132, 0.12354762107134, -0.04560096561909, 0.29242885112762, 0.0292916893959, -0.00525452196598, 0.64616465568542, 1.47415137290955, 0.1241158246994, -0.98596131801605, -1.63094758987427, -0.00228216149844, -0.37614145874977, 0.80169880390167, -0.29357492923737, 0.23530438542366, 0.15449039638042, -3.03434348106384, 0.92501664161682, 0.85879337787628, 0.24328982830048, 0.31350615620613, 2.59614562988281, 1.96453773975372, -0.48094353079796, 0.76191890239716, -0.37621742486954, -0.55564016103745, 0.7769181728363, -0.29030439257622, -0.56152522563934, 0.77337068319321, -0.2617946267128, -0.54266077280045, 0.76070284843445, -0.23754309117794, -0.51208901405334, 0.75311732292175, -0.22739586234093, 0.88384401798248, 0.76596760749817, 0.14798045158386, 0.84052568674088, 0.69896870851517, 0.23056545853615, 0.82525473833084, 0.69730997085571, 0.25554686784744, 0.81210172176361, 0.72150874137878, 0.27414503693581, 0.81242191791534, 0.75367075204849, 0.28193202614784
-0.00548458099365, -0.00728702545166, -0.01645696163177, -0.01958508230746, 0.04760172590613, -0.01982558518648, 0.29228723049164, 0.02917563915253, -0.00549890100956, 0.64583998918533, 1.47457563877106, 0.12369096279144, -0.98470556735992, -1.63232433795929, -0.00086781568825, -0.37614145874977, 0.80169880390167, -0.29357492923737, 0.23530438542366, 0.15449039638042, -3.03434348106384, 0.92472851276398, 0.8589928150177, 0.24319136142731, 0.314578384161, 2.59720325469971, 1.97086024284363, -0.48094353079796, 0.76191890239716, -0.37621742486954, -0.55564016103745, 0.7769181728363, -0.29030439257622, -0.56152522563934, 0.77337068319321, -0.2617946267128, -0.54266077280045, 0.76070284843445, -0.23754309117794, -0.51208901405334, 0.75311732292175, -0.22739586234093, 0.88311362266541, 0.76661288738251, 0.14764119684696, 0.83933985233307, 0.69968062639236, 0.23003989458084, 0.82403725385666, 0.69805407524109, 0.25500398874283, 0.81100553274155, 0.72228646278381, 0.27364373207092, 0.81150186061859, 0.75442892313004, 0.28150182962418
-0.00548001052812, -0.08894762396812, -0.01644324697554, -0.01956876181066, 0.04756205901504, -0.01980906352401, 0.29222893714905, 0.02843052148819, -0.00563268363476, 0.6457228064537, 1.47485291957855, 0.12348794937134, -0.98364770412445, -1.63251841068268, -0.00105757243, -0.37614145874977, 0.80169880390167, -0.29357492923737, 0.23530438542366, 0.15449039638042, -3.03434348106384, 0.92445808649063, 0.85913532972336, 0.24321949481964, 0.31685149669647, 2.5977783203125, 1.9756373167038, -0.48094353079796, 0.76191890239716, -0.37621742486954, -0.55564016103745, 0.7769181728363, -0.29030439257622, -0.56152522563934, 0.77337068319321, -0.2617946267128, -0.54266077280045, 0.76070284843445, -0.23754309117794, -0.51208901405334, 0.75311732292175, -0.22739586234093, 0.88246303796768, 0.76700580120087, 0.14759391546249, 0.83827614784241, 0.70026272535324, 0.22992554306984, 0.82294279336929, 0.69870352745056, 0.2548750936985, 0.8100169301033, 0.72299414873123, 0.27351287007332, 0.81066888570786, 0.75513052940369, 0.28138452768326
-0.00547544378787, -0.17054016888142, -0.01642954349518, -0.01955245435238, 0.04752242565155, -0.0197925567627, 0.29217076301575, 0.02700555324554, -0.00576633214951, 0.64559388160706, 1.47508728504181, 0.12324810028076, -0.98234283924103, -1.63327193260193, -0.00063070346368, -0.37614145874977, 0.80169880390167, -0.29357492923737, 0.23530438542366, 0.15449039638042, -3.03434348106384, 0.92420488595963, 0.85931575298309, 0.2432324886322, 0.31876370310783, 2.59834933280945, 1.98001217842102, -0.48094353079796, 0.76191890239716, -0.37621742486954, -0.55564016103745, 0.7769181728363, -0.29030439257622, -0.56152522563934, 0.77337068319321, -0.2617946267128, -0.54266077280045, 0.76070284843445, -0.23754309117794, -0.51208901405334, 0.75311732292175, -0.22739586234093, 0.88186776638031, 0.76742696762085, 0.14752617478371, 0.83731228113174, 0.70084339380264, 0.22978831827641, 0.82195210456848, 0.69934123754501, 0.25472486019135, 0.809121966362, 0.72368079423904, 0.27336487174034, 0.80991369485855, 0.75580978393555, 0.28125357627869
-0.00547088077292, -0.25206473469734, -0.01641585305333, -0.01953615993261, 0.04748282209039, -0.0197760630399, 0.29211258888245, 0.0249011516571, -0.00589987635612, 0.64546453952789, 1.47536396980286, 0.1230434179306, -0.98110032081604, -1.63358569145203, -0.00013960417709, -0.37614145874977, 0.80169880390167, -0.29357492923737, 0.23530438542366, 0.15449039638042, -3.03434348106384, 0.92396908998489, 0.85952532291412, 0.24323236942291, 0.32037034630775, 2.59890651702881, 1.984006524086, -0.48094353079796, 0.76191890239716, -0.37621742486954, -0.55564016103745, 0.7769181728363, -0.29030439257622, -0.56152522563934, 0.77337068319321, -0.2617946267128, -0.54266077280045, 0.76070284843445, -0.23754309117794, -0.51208901405334, 0.75311732292175, -0.22739586234093, 0.88132458925247, 0.7678656578064, 0.14744284749031, 0.83644062280655, 0.70141637325287, 0.22963497042656, 0.82105702161789, 0.69996231794357, 0.25455990433693, 0.80831319093704, 0.72434318065643, 0.27320522069931, 0.8092303276062, 0.75646406412125, 0.28111326694489
-0.00546632148325, -0.33352136611938, -0.01640217378736, -0.01951988041401, 0.04744325205684, -0.01975958235562, 0.29205441474915, 0.02211797237396, -0.00603330135345, 0.6453463435173, 1.47565889358521, 0.122767329216, -0.98006594181061, -1.63446867465973, 0.00072161125718, -0.37614145874977, 0.80169880390167, -0.29357492923737, 0.23530438542366, 0.15449039638042, -3.03434348106384, 0.92374873161316, 0.85975420475006, 0.24322164058685, 0.32173973321915, 2.59944701194763, 1.98768270015717, -0.48094353079796, 0.76191890239716, -0.37621742486954, -0.55564016103745, 0.7769181728363, -0.29030439257622, -0.56152522563934, 0.77337068319321, -0.2617946267128, -0.54266077280045, 0.76070284843445, -0.23754309117794, -0.51208901405334, 0.75311732292175, -0.22739586234093, 0.88082534074783, 0.76831275224686, 0.14734816551208, 0.83564519882202, 0.70197832584381, 0.2294706851244, 0.82024085521698, 0.70056545734406, 0.25438520312309, 0.80757564306259, 0.72498148679733, 0.27303794026375, 0.80860656499863, 0.75709390640259, 0.28096675872803
0.00759634748101, -0.26019740104675, -0.03648942708969, -0.40894222259521, 0.18061438202858, -0.12224444001913, 0.29203915596008, 0.01992857456207, -0.00610575079918, 0.64523983001709, 1.47591304779053, 0.12251853942871, -0.97895056009293, -1.63509082794189, 0.00127453240566, -0.37614145874977, 0.80169880390167, -0.29357492923737, 0.23530438542366, 0.15449039638042, -3.03434348106384, 0.92364919185638, 0.860231757164, 0.24313235282898, 0.32361742854118, 2.60118556022644, 1.99105596542358, -0.48094353079796, 0.76191890239716, -0.37621742486954, -0.55564016103745, 0.7769181728363, -0.29030439257622, -0.56152522563934, 0.77337068319321, -0.2617946267128, -0.54266077280045, 0.76070284843445, -0.23754309117794, -0.51208901405334, 0.75311732292175, -0.22739586234093, 0.88032281398773, 0.76895403862, 0.14728413522244, 0.83495187759399, 0.70278429985046, 0.22943434119225, 0.81955903768539, 0.70142757892609, 0.25435909628868, 0.80699694156647, 0.72588974237442, 0.27302122116089, 0.80815225839615, 0.75799775123596, 0.28095057606697
0.03081990405917, -0.03401255607605, -0.0830182954669, -0.9542019367218, 0.31135305762291, -0.42520046234131, 0.29202091693878, 0.01957154273987, -0.00623419880867, 0.64517712593079, 1.4761757850647, 0.12227857112885, -0.97784847021103, -1.63541281223297, 0.00148033513688, -0.37614145874977, 0.80169880390167, -0.29357492923737, 0.23530438542366, 0.15449039638042, -3.03434348106384, 0.92354816198349, 0.86072653532028, 0.24304723739624, 0.32520040869713, 2.60261940956116, 1.99426484107971, -0.48094353079796, 0.76191890239716, -0.37621742486954, -0.55564016103745, 0.7769181728363, -0.29030439257622, -0.56152522563934, 0.77337068319321, -0.2617946267128, -0.54266077280045, 0.76070284843445, -0.23754309117794, -0.51208901405334, 0.75311732292175, -0.22739586234093, 0.8798702955246, 0.76961731910706, 0.14719820022583, 0.83430683612823, 0.70358639955521, 0.22935356199741, 0.81891971826553, 0.702277302742, 0.25428438186646, 0.80644905567169, 0.72677838802338, 0.2729566693306, 0.8077175617218, 0.75888061523438, 0.28089210391045
0.03790083900094, -0.02374847233295, -0.09747943282127, -1.12378072738647, 0.35116946697235, -0.52110308408737, 0.29200065135956, 0.01929003000259, -0.0063783377409, 0.64507663249969, 1.47640609741211, 0.12200105190277, -0.97686129808426, -1.63596284389496, 0.00186005502474, -0.37614145874977, 0.80169880390167, -0.29357492923737, 0.23530438542366, 0.15449039638042, -3.03434348106384, 0.92344683408737, 0.86122035980225, 0.24296510219574, 0.32657703757286, 2.60384130477905, 1.9973509311676, -0.48094353079796, 0.76191890239716, -0.37621742486954, -0.55564016103745, 0.7769181728363, -0.29030439257622, -0.56152522563934, 0.77337068319321, -0.2617946267128, -0.54266077280045, 0.76070284843445, -0.23754309117794, -0.51208901405334, 0.75311732292175, -0.22739586234093, 0.87945383787155, 0.77028250694275, 0.147097453475, 0.83369743824005, 0.70437240600586, 0.22924256324768, 0.8183119893074, 0.70310485363007, 0.25417655706406, 0.80592453479767, 0.7276399731636, 0.27285954356194, 0.80729812383652, 0.75973546504974, 0.2808048427105
0.04394683614373, -0.02917620539665, -0.11004730314016, -1.27144420146942, 0.38541376590729, -0.60504257678986, 0.29197824001312, 0.01895862817764, -0.00653499364853, 0.64495539665222, 1.47671294212341, 0.12174475193024, -0.97654622793198, -1.63614475727081, 0.00210877950303, -0.37614145874977, 0.80169880390167, -0.29357492923737, 0.23530438542366, 0.15449039638042, -3.03434348106384, 0.92334562540054, 0.86170136928558, 0.24288499355316, 0.32781079411507, 2.60491800308228, 2.00034642219543, -0.48094353079796, 0.76191890239716, -0.37621742486954, -0.55564016103745, 0.7769181728363, -0.29030439257622, -0.56152522563934, 0.77337068319321, -0.2617946267128, -0.54266077280045, 0.76070284843445, -0.23754309117794, -0.51208901405334, 0.75311732292175, -0.22739586234093, 0.87906295061111, 0.77093654870987, 0.14698679745197, 0.83311378955841, 0.70513486862183, 0.22911134362221, 0.81772738695145, 0.70390474796295, 0.25404661893845, 0.80541741847992, 0.72847050428391, 0.27274060249329, 0.80689036846161, 0.7605584859848, 0.28069832921028
0.05030081048608, -0.03366745263338, -0.12343843281269, -1.42955088615417, 0.42178204655647, -0.69506043195724, 0.29195284843445, 0.01858806610107, -0.00670391321182, 0.64477849006653, 1.47697329521179, 0.12142467498779, -0.97640228271484, -1.63656079769135, 0.00213525863364, -0.37614145874977, 0.80169880390167, -0.29357492923737, 0.23530438542366, 0.15449039638042, -3.03434348106384, 0.92333006858826, 0.86240708827972, 0.24277913570404, 0.32719728350639, 2.60443592071533, 2.0018789768219, -0.48094353079796, 0.76191890239716, -0.37621742486954, -0.55564016103745, 0.7769181728363, -0.29030439257622, -0.56152522563934, 0.77337068319321, -0.2617946267128, -0.54266077280045, 0.76070284843445, -0.23754309117794, -0.51208901405334, 0.75311732292175, -0.22739586234093, 0.87905633449554, 0.77180540561676, 0.14672265946865, 0.83296579122543, 0.70594251155853, 0.22871877253056, 0.81755387783051, 0.70469510555267, 0.25363746285439, 0.80524861812592, 0.72924864292145, 0.27235063910484, 0.80674368143082, 0.7613251209259, 0.28035050630569
0.05678636208177, -0.03969434648752, -0.13729570806026, -1.59420418739319, 0.45923274755478, -0.78922545909882, 0.29192364215851, 0.01816940307617, -0.00688418745995, 0.64457786083221, 1.47723925113678, 0.12111628055573, -0.97626215219498, -1.63678622245789, 0.00239537074231, -0.37614145874977, 0.80169880390167, -0.29357492923737, 0.23530438542366, 0.15449039638042, -3.03434348106384, 0.92330718040466, 0.8630765080452, 0.24266862869263, 0.32694506645203, 2.60423874855042, 2.00366187095642, -0.48094353079796, 0.76191890239716, -0.37621742486954, -0.55564016103745, 0.7769181728363, -0.29030439257622, -0.56152522563934, 0.77337068319321, -0.2617946267128, -0.54266077280045, 0.76070284843445, -0.23754309117794, -0.51208901405334, 0.75311732292175, -0.22739586234093, 0.8789878487587, 0.77263724803925, 0.14648020267487, 0.83274710178375, 0.70674681663513, 0.22836957871914, 0.8173143863678, 0.70549285411835, 0.25327503681183, 0.80502712726593, 0.73004239797592, 0.27200528979301, 0.80655843019485, 0.76210820674896, 0.28004097938538
0.05962589755654, -0.03357777744532, -0.12363620847464, -1.49559080600739, 0.38427740335464, -0.65210521221161, 0.2920081615448, 0.01783776283264, -0.00699925422668, 0.64436453580856, 1.47752046585083, 0.1207720041275, -0.97597175836563, -1.63729107379913, 0.00284475786611, -0.37614145874977, 0.80169880390167, -0.29357492923737, 0.23530438542366, 0.15449039638042, -3.03434348106384, 0.92327785491943, 0.86370629072189, 0.2425571680069, 0.32692921161652, 2.6042275428772, 2.00562238693237, -0.48094353079796, 0.76191890239716, -0.37621742486954, -0.55564016103745, 0.7769181728363, -0.29030439257622, -0.56152522563934, 0.77337068319321, -0.2617946267128, -0.54266077280045, 0.76070284843445, -0.23754309117794, -0.51208901405334, 0.75311732292175, -0.22739586234093, 0.87887680530548, 0.77343016862869, 0.14625322818756, 0.83247911930084, 0.70753437280655, 0.22804938256741, 0.81702846288681, 0.70628094673157, 0.25294372439384, 0.80476808547974, 0.73083186149597, 0.2716897726059, 0.8063451051712, 0.76288741827011, 0.27975738048553
